t,y,x
0.000000000E0,2.853615697E-1,-2.533802839E-2
3.333333333E-2,2.853615697E-1,-2.533802839E-2
6.666666667E-2,2.822931145E-1,-2.534994628E-2
1.000000000E-1,2.784462474E-1,-2.544390054E-2
1.333333333E-1,2.745425460E-1,-2.546313719E-2
1.666666667E-1,2.718337447E-1,-2.560751707E-2
2.000000000E-1,2.691264121E-1,-2.583807095E-2
2.333333333E-1,2.656019476E-1,-2.592529089E-2
2.666666667E-1,2.615996451E-1,-2.588405771E-2
3.000000000E-1,2.571747310E-1,-2.580789751E-2
3.333333333E-1,2.522175951E-1,-2.578989444E-2
3.666666667E-1,2.481783799E-1,-2.594686376E-2
4.000000000E-1,2.453594505E-1,-2.627129200E-2
4.333333333E-1,2.452279924E-1,-2.649052626E-2
4.666666667E-1,2.472927632E-1,-2.705157887E-2
5.000000000E-1,2.516821769E-1,-2.675110213E-2
5.333333333E-1,2.580290916E-1,-2.662479150E-2
5.666666667E-1,2.655029383E-1,-2.682242517E-2
6.000000000E-1,2.733802451E-1,-2.671151586E-2
6.333333333E-1,2.808422446E-1,-2.688361600E-2
6.666666667E-1,2.877632448E-1,-2.692391779E-2
7.000000000E-1,2.927715540E-1,-2.706983149E-2
7.333333333E-1,2.967683795E-1,-2.746473677E-2
7.666666667E-1,2.989290899E-1,-2.740181622E-2
8.000000000E-1,2.990931971E-1,-2.754912446E-2
8.333333333E-1,2.986887155E-1,-2.792058474E-2
8.666666667E-1,2.979477973E-1,-2.813409350E-2
9.000000000E-1,2.969295613E-1,-2.827029863E-2
9.333333333E-1,2.948453870E-1,-2.802552960E-2
9.666666667E-1,2.914581523E-1,-2.776761497E-2
1.000000000E0,2.873660856E-1,-2.763272183E-2
1.033333333E0,2.834122206E-1,-2.737708104E-2
1.066666667E0,2.801331232E-1,-2.737929798E-2
1.100000000E0,2.772044605E-1,-2.746463226E-2
1.133333333E0,2.734918898E-1,-2.733371631E-2
1.166666667E0,2.693435490E-1,-2.747941702E-2
1.200000000E0,2.641280238E-1,-2.711737833E-2
1.233333333E0,2.586713878E-1,-2.682297147E-2
1.266666667E0,2.544374121E-1,-2.716254741E-2
1.300000000E0,2.509001167E-1,-2.705205055E-2
1.333333333E0,2.503373166E-1,-2.729945641E-2
1.366666667E0,2.521128148E-1,-2.752221585E-2
1.400000000E0,2.563218397E-1,-2.730384377E-2
1.433333333E0,2.625665362E-1,-2.733933302E-2
1.466666667E0,2.699464521E-1,-2.733441434E-2
1.500000000E0,2.776318826E-1,-2.740118166E-2
1.533333333E0,2.848049071E-1,-2.748248437E-2
1.566666667E0,2.912930549E-1,-2.766623644E-2
1.600000000E0,2.963058138E-1,-2.778199433E-2
1.633333333E0,3.001268240E-1,-2.816136039E-2
1.666666667E0,3.019706570E-1,-2.819898499E-2
1.700000000E0,3.020864218E-1,-2.850599229E-2
1.733333333E0,3.016149292E-1,-2.881293286E-2
1.766666667E0,3.010625981E-1,-2.919346611E-2
1.800000000E0,3.002145498E-1,-2.930557960E-2
1.833333333E0,2.983894899E-1,-2.920277581E-2
1.866666667E0,2.952169977E-1,-2.905545873E-2
1.900000000E0,2.912214133E-1,-2.911538786E-2
1.933333333E0,2.872337038E-1,-2.874117076E-2
1.966666667E0,2.842596038E-1,-2.877488826E-2
2.000000000E0,2.810379081E-1,-2.885862260E-2
2.033333333E0,2.774954955E-1,-2.878812380E-2
2.066666667E0,2.729046885E-1,-2.881261246E-2
2.100000000E0,2.676637139E-1,-2.858399619E-2
2.133333333E0,2.622349255E-1,-2.840645302E-2
2.166666667E0,2.576789317E-1,-2.863047018E-2
2.200000000E0,2.547755840E-1,-2.860129922E-2
2.233333333E0,2.542366423E-1,-2.911580746E-2
2.266666667E0,2.563619018E-1,-2.922963440E-2
2.300000000E0,2.607707051E-1,-2.902272606E-2
2.333333333E0,2.671071254E-1,-2.895825614E-2
2.366666667E0,2.744902667E-1,-2.892598309E-2
2.400000000E0,2.824224308E-1,-2.922477900E-2
2.433333333E0,2.901263704E-1,-2.918406371E-2
2.466666667E0,2.963296263E-1,-2.916853037E-2
2.500000000E0,3.016270349E-1,-2.955713030E-2
2.533333333E0,3.055283026E-1,-2.994467409E-2
2.566666667E0,3.076581689E-1,-2.997072987E-2
2.600000000E0,3.080944464E-1,-3.016024667E-2
2.633333333E0,3.077655413E-1,-3.034276042E-2
2.666666667E0,3.071135777E-1,-3.080848030E-2
2.700000000E0,3.061392677E-1,-3.089836996E-2
2.733333333E0,3.041918405E-1,-3.065033240E-2
2.766666667E0,3.010011452E-1,-3.026120630E-2
2.800000000E0,2.968641470E-1,-3.015981521E-2
2.833333333E0,2.929463829E-1,-2.975630281E-2
2.866666667E0,2.899875289E-1,-2.981400632E-2
2.900000000E0,2.868137107E-1,-2.987191001E-2
2.933333333E0,2.833823554E-1,-2.960352418E-2
2.966666667E0,2.789963810E-1,-2.982005572E-2
3.000000000E0,2.742729824E-1,-2.959703971E-2
3.033333333E0,2.689985652E-1,-2.941353356E-2
3.066666667E0,2.644213482E-1,-2.952035661E-2
3.100000000E0,2.615301289E-1,-2.970605937E-2
3.133333333E0,2.610971201E-1,-2.983026496E-2
3.166666667E0,2.631719737E-1,-2.989260174E-2
3.200000000E0,2.677087377E-1,-2.976083951E-2
3.233333333E0,2.738714851E-1,-2.973114172E-2
3.266666667E0,2.811439795E-1,-2.962830684E-2
3.300000000E0,2.887278340E-1,-2.978278683E-2
3.333333333E0,2.956634816E-1,-3.005261643E-2
3.366666667E0,3.017916139E-1,-3.011732286E-2
3.400000000E0,3.067287832E-1,-3.047685772E-2
3.433333333E0,3.106004830E-1,-3.060103382E-2
3.466666667E0,3.125294754E-1,-3.090229126E-2
3.500000000E0,3.129652432E-1,-3.102373429E-2
3.533333333E0,3.124763607E-1,-3.138481265E-2
3.566666667E0,3.118526419E-1,-3.172394705E-2
3.600000000E0,3.109048901E-1,-3.157790160E-2
3.633333333E0,3.090188654E-1,-3.161358834E-2
3.666666667E0,3.058672094E-1,-3.135016423E-2
3.700000000E0,3.018569022E-1,-3.125996783E-2
3.733333333E0,2.991707192E-1,-3.086805275E-2
3.766666667E0,2.971946762E-1,-3.083380476E-2
3.800000000E0,2.952382410E-1,-3.095641337E-2
3.833333333E0,2.930863389E-1,-3.067653268E-2
3.866666667E0,2.902672018E-1,-3.067805013E-2
3.900000000E0,2.867325500E-1,-3.048507645E-2
3.933333333E0,2.827886051E-1,-3.019164765E-2
3.966666667E0,2.795044147E-1,-3.021772058E-2
4.000000000E0,2.779436609E-1,-3.043481513E-2
4.033333333E0,2.786279661E-1,-3.077089873E-2
4.066666667E0,2.820695108E-1,-3.086180314E-2
4.100000000E0,2.873766853E-1,-3.072069283E-2
4.133333333E0,2.941355579E-1,-3.044799016E-2
4.166666667E0,3.020740686E-1,-3.057068902E-2
4.200000000E0,3.102040648E-1,-3.053522870E-2
4.233333333E0,3.179417940E-1,-3.080215643E-2
4.266666667E0,3.248303614E-1,-3.111461384E-2
4.300000000E0,3.301653312E-1,-3.137195777E-2
4.333333333E0,3.340779560E-1,-3.170926002E-2
4.366666667E0,3.363415141E-1,-3.163777482E-2
4.400000000E0,3.366301512E-1,-3.193772278E-2
4.433333333E0,3.361515573E-1,-3.186562208E-2
4.466666667E0,3.357533170E-1,-3.237088584E-2
4.500000000E0,3.348773679E-1,-3.222433826E-2
4.533333333E0,3.325416284E-1,-3.200728920E-2
4.566666667E0,3.289061777E-1,-3.144457640E-2
4.600000000E0,3.243032249E-1,-3.132012871E-2
4.633333333E0,3.204368491E-1,-3.079839143E-2
4.666666667E0,3.175846336E-1,-3.078854332E-2
4.700000000E0,3.145817837E-1,-3.074074394E-2
4.733333333E0,3.111192729E-1,-3.043000161E-2
4.766666667E0,3.066974936E-1,-3.040701340E-2
4.800000000E0,3.013502974E-1,-3.011432004E-2
4.833333333E0,2.960962720E-1,-2.973693682E-2
4.866666667E0,2.916986312E-1,-2.980604444E-2
4.900000000E0,2.889480254E-1,-3.001579066E-2
4.933333333E0,2.889300336E-1,-3.025711907E-2
4.966666667E0,2.914354086E-1,-3.027603005E-2
5.000000000E0,2.962443020E-1,-3.011844266E-2
5.033333333E0,3.023737804E-1,-2.998056982E-2
5.066666667E0,3.098913149E-1,-2.999852531E-2
5.100000000E0,3.174957464E-1,-3.020997997E-2
5.133333333E0,3.246789922E-1,-3.025719638E-2
5.166666667E0,3.309182347E-1,-3.053174341E-2
5.200000000E0,3.357220492E-1,-3.064464942E-2
5.233333333E0,3.393386939E-1,-3.101473176E-2
5.266666667E0,3.410573132E-1,-3.112927816E-2
5.300000000E0,3.412183020E-1,-3.131311666E-2
5.333333333E0,3.407620193E-1,-3.149540895E-2
5.366666667E0,3.401219908E-1,-3.182139930E-2
5.400000000E0,3.390549402E-1,-3.163557961E-2
5.433333333E0,3.370136515E-1,-3.156988171E-2
5.466666667E0,3.335350585E-1,-3.114785691E-2
5.500000000E0,3.294130703E-1,-3.116726823E-2
5.533333333E0,3.263466299E-1,-3.097548933E-2
5.566666667E0,3.236341836E-1,-3.095747334E-2
5.600000000E0,3.210986723E-1,-3.074566454E-2
5.633333333E0,3.176072360E-1,-3.065044146E-2
5.666666667E0,3.134528068E-1,-3.074187138E-2
5.700000000E0,3.085624101E-1,-3.051090242E-2
5.733333333E0,3.037081650E-1,-3.030717465E-2
5.766666667E0,2.995930794E-1,-3.048765148E-2
5.800000000E0,2.970780678E-1,-3.056885409E-2
5.833333333E0,2.972300646E-1,-3.076215404E-2
5.866666667E0,3.000811399E-1,-3.094823557E-2
5.900000000E0,3.050932867E-1,-3.053958773E-2
5.933333333E0,3.119850821E-1,-3.053575124E-2
5.966666667E0,3.199016286E-1,-3.050039971E-2
6.000000000E0,3.280087966E-1,-3.065315243E-2
6.033333333E0,3.357362418E-1,-3.059472435E-2
6.066666667E0,3.423897500E-1,-3.080308843E-2
6.100000000E0,3.477898460E-1,-3.088876902E-2
6.133333333E0,3.518357444E-1,-3.118849548E-2
6.166666667E0,3.545284945E-1,-3.120950150E-2
6.200000000E0,3.547868783E-1,-3.137787164E-2
6.233333333E0,3.546515052E-1,-3.150952108E-2
6.266666667E0,3.541831370E-1,-3.191380589E-2
6.300000000E0,3.529011981E-1,-3.151759246E-2
6.333333333E0,3.509620520E-1,-3.142598848E-2
6.366666667E0,3.478527280E-1,-3.110092715E-2
6.400000000E0,3.436123181E-1,-3.072446148E-2
6.433333333E0,3.396294755E-1,-3.023307592E-2
6.466666667E0,3.368964753E-1,-3.029698958E-2
6.500000000E0,3.336524138E-1,-3.026534908E-2
6.533333333E0,3.300288832E-1,-2.992691087E-2
6.566666667E0,3.258907940E-1,-3.011626536E-2
6.600000000E0,3.206401566E-1,-2.969090031E-2
6.633333333E0,3.156699102E-1,-2.972840506E-2
6.666666667E0,3.115061640E-1,-2.990714745E-2
6.700000000E0,3.087282649E-1,-2.989041594E-2
6.733333333E0,3.088392767E-1,-3.034835767E-2
6.766666667E0,3.115895633E-1,-3.052467813E-2
6.800000000E0,3.167368385E-1,-3.016937844E-2
6.833333333E0,3.233765035E-1,-3.015656665E-2
6.866666667E0,3.313431765E-1,-3.039132709E-2
6.900000000E0,3.392542881E-1,-3.052875235E-2
6.933333333E0,3.463054843E-1,-3.053962023E-2
6.966666667E0,3.527001124E-1,-3.074899300E-2
7.000000000E0,3.576527347E-1,-3.085523554E-2
7.033333333E0,3.613869013E-1,-3.133597376E-2
7.066666667E0,3.633252934E-1,-3.147024857E-2
7.100000000E0,3.634634469E-1,-3.193927995E-2
7.133333333E0,3.630009484E-1,-3.211676674E-2
7.166666667E0,3.623958564E-1,-3.265865706E-2
7.200000000E0,3.611086045E-1,-3.254699547E-2
7.233333333E0,3.586944519E-1,-3.254595744E-2
7.266666667E0,3.549694285E-1,-3.217415601E-2
7.300000000E0,3.503720322E-1,-3.222201235E-2
7.333333333E0,3.466642984E-1,-3.203469761E-2
7.366666667E0,3.435562819E-1,-3.204607065E-2
7.400000000E0,3.403342557E-1,-3.194271401E-2
7.433333333E0,3.363699493E-1,-3.167517221E-2
7.466666667E0,3.316442989E-1,-3.191994100E-2
7.500000000E0,3.261050809E-1,-3.149114889E-2
7.533333333E0,3.203962862E-1,-3.128496619E-2
7.566666667E0,3.158543825E-1,-3.137559365E-2
7.600000000E0,3.129446199E-1,-3.145595332E-2
7.633333333E0,3.131042230E-1,-3.191636233E-2
7.666666667E0,3.155759927E-1,-3.179243301E-2
7.700000000E0,3.197216231E-1,-3.168820722E-2
7.733333333E0,3.259845262E-1,-3.157729799E-2
7.766666667E0,3.330772961E-1,-3.150206990E-2
7.800000000E0,3.403522223E-1,-3.151823502E-2
7.833333333E0,3.472510566E-1,-3.181364527E-2
7.866666667E0,3.531737327E-1,-3.178944390E-2
7.900000000E0,3.578110770E-1,-3.213746594E-2
7.933333333E0,3.612165901E-1,-3.256021392E-2
7.966666667E0,3.631752172E-1,-3.252568296E-2
8.000000000E0,3.634672492E-1,-3.298448491E-2
8.033333333E0,3.631560108E-1,-3.275399233E-2
8.066666667E0,3.628332491E-1,-3.318516710E-2
8.100000000E0,3.618446241E-1,-3.282001785E-2
8.133333333E0,3.598265086E-1,-3.256228646E-2
8.166666667E0,3.568718975E-1,-3.224758757E-2
8.200000000E0,3.528206791E-1,-3.199655638E-2
8.233333333E0,3.496652850E-1,-3.138682266E-2
8.266666667E0,3.475837142E-1,-3.135518384E-2
8.300000000E0,3.448916562E-1,-3.101250284E-2
8.333333333E0,3.421423172E-1,-3.066406932E-2
8.366666667E0,3.384576493E-1,-3.061742394E-2
8.400000000E0,3.341502445E-1,-3.038389683E-2
8.433333333E0,3.300683226E-1,-3.012132269E-2
8.466666667E0,3.268052060E-1,-3.014909592E-2
8.500000000E0,3.255871328E-1,-3.017067479E-2
8.533333333E0,3.262086463E-1,-3.052444572E-2
8.566666667E0,3.299198682E-1,-3.048432860E-2
8.600000000E0,3.352693153E-1,-3.015132890E-2
8.633333333E0,3.423614375E-1,-2.988545640E-2
8.666666667E0,3.506311421E-1,-2.991395004E-2
8.700000000E0,3.590678594E-1,-2.982393836E-2
8.733333333E0,3.673179799E-1,-2.979137128E-2
8.766666667E0,3.741127702E-1,-2.995360832E-2
8.800000000E0,3.800353297E-1,-3.032172059E-2
8.833333333E0,3.839966818E-1,-3.044962090E-2
8.866666667E0,3.865223871E-1,-3.051307443E-2
8.900000000E0,3.868821160E-1,-3.077743961E-2
8.933333333E0,3.864989455E-1,-3.076060903E-2
8.966666667E0,3.041094147E-2,3.859453451E-1
