t,x,y
0.000000000E0,5.003256913E-2,2.641733782E-1
3.333333333E-2,4.875961027E-2,2.622050870E-1
6.666666667E-2,4.735144445E-2,2.595631693E-1
1.000000000E-1,4.670682091E-2,2.570454933E-1
1.333333333E-1,4.600829582E-2,2.538790118E-1
1.666666667E-1,4.540504938E-2,2.507683382E-1
2.000000000E-1,4.476273346E-2,2.474549066E-1
2.333333333E-1,4.422132723E-2,2.447310587E-1
2.666666667E-1,4.374007554E-2,2.419078966E-1
3.000000000E-1,4.287817108E-2,2.380728341E-1
3.333333333E-1,4.239592970E-2,2.339450774E-1
3.666666667E-1,4.155441001E-2,2.293978028E-1
4.000000000E-1,4.069947357E-2,2.251233878E-1
4.333333333E-1,4.038601093E-2,2.226355616E-1
4.666666667E-1,4.028369329E-2,2.233298929E-1
5.000000000E-1,3.982688709E-2,2.268538005E-1
5.333333333E-1,3.973720842E-2,2.332239156E-1
5.666666667E-1,3.942197279E-2,2.418951063E-1
6.000000000E-1,3.896926167E-2,2.511319212E-1
6.333333333E-1,3.884949751E-2,2.603324619E-1
6.666666667E-1,3.877157479E-2,2.683110810E-1
7.000000000E-1,3.866028009E-2,2.745057543E-1
7.333333333E-1,3.809920581E-2,2.781699254E-1
7.666666667E-1,3.804030011E-2,2.790152906E-1
8.000000000E-1,3.760508073E-2,2.791312954E-1
8.333333333E-1,3.764757443E-2,2.793000908E-1
8.666666667E-1,3.779905645E-2,2.794366151E-1
9.000000000E-1,3.838073242E-2,2.791144949E-1
9.333333333E-1,3.663245804E-2,2.771029939E-1
9.666666667E-1,3.527783750E-2,2.745979790E-1
1.000000000E0,3.466559112E-2,2.722421180E-1
1.033333333E0,3.385851703E-2,2.697392264E-1
1.066666667E0,3.353782798E-2,2.668004033E-1
1.100000000E0,3.300359117E-2,2.641428198E-1
1.133333333E0,3.266984632E-2,2.622562145E-1
1.166666667E0,3.227788752E-2,2.596513738E-1
1.200000000E0,3.201523993E-2,2.564018932E-1
1.233333333E0,3.188334443E-2,2.524799755E-1
1.266666667E0,3.154571030E-2,2.479923354E-1
1.300000000E0,3.111760302E-2,2.438213299E-1
1.333333333E0,3.114601507E-2,2.414404856E-1
1.366666667E0,3.136427563E-2,2.425457636E-1
1.400000000E0,3.125151131E-2,2.457482071E-1
1.433333333E0,3.138844716E-2,2.524796076E-1
1.466666667E0,3.124982130E-2,2.609459557E-1
1.500000000E0,3.119830393E-2,2.701325985E-1
1.533333333E0,3.128266607E-2,2.789426619E-1
1.566666667E0,3.168374564E-2,2.866683813E-1
1.600000000E0,3.164202853E-2,2.925054775E-1
1.633333333E0,3.149034026E-2,2.954880259E-1
1.666666667E0,3.192934094E-2,2.960716502E-1
1.700000000E0,3.197409508E-2,2.958192849E-1
1.733333333E0,3.265837727E-2,2.958162764E-1
1.766666667E0,3.320851839E-2,2.956505121E-1
1.800000000E0,3.438887224E-2,2.950013132E-1
1.833333333E0,3.288089650E-2,2.927459736E-1
1.866666667E0,3.189317616E-2,2.901910255E-1
1.900000000E0,3.177277264E-2,2.873695340E-1
1.933333333E0,3.114208165E-2,2.840859814E-1
1.966666667E0,3.105979128E-2,2.808296524E-1
2.000000000E0,3.108065879E-2,2.779864528E-1
2.033333333E0,3.096801581E-2,2.751565586E-1
2.066666667E0,3.104031159E-2,2.720868638E-1
2.100000000E0,3.084187065E-2,2.682889051E-1
2.133333333E0,3.091622751E-2,2.639659704E-1
2.166666667E0,3.061314101E-2,2.588994382E-1
2.200000000E0,3.049397082E-2,2.541907854E-1
2.233333333E0,3.084661162E-2,2.512245041E-1
2.266666667E0,3.091919037E-2,2.517774946E-1
2.300000000E0,3.102970767E-2,2.547870044E-1
2.333333333E0,3.112980707E-2,2.610836911E-1
2.366666667E0,3.098194616E-2,2.690243384E-1
2.400000000E0,3.110925158E-2,2.777160097E-1
2.433333333E0,3.128272212E-2,2.862041155E-1
2.466666667E0,3.171861400E-2,2.930905770E-1
2.500000000E0,3.187151309E-2,2.984722403E-1
2.533333333E0,3.207850421E-2,3.010430845E-1
2.566666667E0,3.251464733E-2,3.013554730E-1
2.600000000E0,3.264230457E-2,3.011103048E-1
2.633333333E0,3.345698083E-2,3.010766577E-1
2.666666667E0,3.387229992E-2,3.008725399E-1
2.700000000E0,3.474660458E-2,3.001536333E-1
2.733333333E0,3.368838280E-2,2.978169449E-1
2.766666667E0,3.267871157E-2,2.952170979E-1
2.800000000E0,3.250209724E-2,2.925180934E-1
2.833333333E0,3.219797989E-2,2.896635630E-1
2.866666667E0,3.223710016E-2,2.868422286E-1
2.900000000E0,3.214192022E-2,2.840829646E-1
2.933333333E0,3.220196201E-2,2.818951403E-1
2.966666667E0,3.184749669E-2,2.791499342E-1
3.000000000E0,3.177178994E-2,2.760854820E-1
3.033333333E0,3.171229615E-2,2.722499490E-1
3.066666667E0,3.158144777E-2,2.678699257E-1
3.100000000E0,3.138094583E-2,2.639355633E-1
3.133333333E0,3.161192184E-2,2.619639348E-1
3.166666667E0,3.165435082E-2,2.632304758E-1
3.200000000E0,3.183342990E-2,2.668453186E-1
3.233333333E0,3.190866723E-2,2.736391203E-1
3.266666667E0,3.186556341E-2,2.822288891E-1
3.300000000E0,3.191377861E-2,2.917248829E-1
3.333333333E0,3.206086897E-2,3.007443017E-1
3.366666667E0,3.241976949E-2,3.088389182E-1
3.400000000E0,3.250630058E-2,3.149727864E-1
3.433333333E0,3.260353107E-2,3.183651618E-1
3.466666667E0,3.296113610E-2,3.191834690E-1
3.500000000E0,3.309178134E-2,3.192009448E-1
3.533333333E0,3.394835025E-2,3.192794534E-1
3.566666667E0,3.446641268E-2,3.191923659E-1
3.600000000E0,3.517450680E-2,3.183747297E-1
3.633333333E0,3.363939789E-2,3.159261168E-1
3.666666667E0,3.250185815E-2,3.135338346E-1
3.700000000E0,3.245544248E-2,3.112470898E-1
3.733333333E0,3.190928171E-2,3.086366625E-1
3.766666667E0,3.210838870E-2,3.064816335E-1
3.800000000E0,3.191095136E-2,3.044363376E-1
3.833333333E0,3.184662777E-2,3.026436171E-1
3.866666667E0,3.174148194E-2,3.003260902E-1
3.900000000E0,3.145522432E-2,2.974995490E-1
3.933333333E0,3.151124041E-2,2.939339950E-1
3.966666667E0,3.125355882E-2,2.898393417E-1
4.000000000E0,3.129333423E-2,2.862785914E-1
4.033333333E0,3.128132980E-2,2.847684174E-1
4.066666667E0,3.132914722E-2,2.862080855E-1
4.100000000E0,3.144567388E-2,2.899795778E-1
4.133333333E0,3.150511163E-2,2.970619661E-1
4.166666667E0,3.153517151E-2,3.057245173E-1
4.200000000E0,3.160879565E-2,3.150585839E-1
4.233333333E0,3.187887442E-2,3.238892548E-1
4.266666667E0,3.221923351E-2,3.311964843E-1
4.300000000E0,3.231106997E-2,3.367463410E-1
4.333333333E0,3.240216785E-2,3.397624303E-1
4.366666667E0,3.301324491E-2,3.402226830E-1
4.400000000E0,3.286008349E-2,3.400110567E-1
4.433333333E0,3.396461717E-2,3.400454123E-1
4.466666667E0,3.464932856E-2,3.397843827E-1
4.500000000E0,3.528601210E-2,3.389236551E-1
4.533333333E0,3.383923045E-2,3.362656341E-1
4.566666667E0,3.290751888E-2,3.334125071E-1
4.600000000E0,3.299291413E-2,3.304170543E-1
4.633333333E0,3.254379825E-2,3.273896615E-1
4.666666667E0,3.280970903E-2,3.245906586E-1
4.700000000E0,3.259348691E-2,3.221545942E-1
4.733333333E0,3.255503647E-2,3.198458006E-1
4.766666667E0,3.252197244E-2,3.170351544E-1
4.800000000E0,3.240951138E-2,3.134391711E-1
4.833333333E0,3.242718681E-2,3.091363680E-1
4.866666667E0,3.223010616E-2,3.044469205E-1
4.900000000E0,3.218495131E-2,3.003151542E-1
4.933333333E0,3.224407221E-2,2.991408976E-1
4.966666667E0,3.235889743E-2,3.009549610E-1
5.000000000E0,3.239907261E-2,3.051013386E-1
5.033333333E0,3.250620469E-2,3.122236841E-1
5.066666667E0,3.247381747E-2,3.208379682E-1
5.100000000E0,3.277548490E-2,3.301985952E-1
5.133333333E0,3.301144309E-2,3.389214132E-1
5.166666667E0,3.333627589E-2,3.466158635E-1
5.200000000E0,3.345406355E-2,3.522615306E-1
5.233333333E0,3.361137139E-2,3.552254827E-1
5.266666667E0,3.405272267E-2,3.558221162E-1
5.300000000E0,3.399841873E-2,3.557003953E-1
5.333333333E0,3.508217264E-2,3.559607500E-1
5.366666667E0,3.595062749E-2,3.559957566E-1
5.400000000E0,3.603930194E-2,3.550852993E-1
5.433333333E0,3.486189307E-2,3.527095937E-1
5.466666667E0,3.369795491E-2,3.500312012E-1
5.500000000E0,3.387259607E-2,3.477538748E-1
5.533333333E0,3.355399388E-2,3.449838730E-1
5.566666667E0,3.355033822E-2,3.424809563E-1
5.600000000E0,3.319096649E-2,3.401305191E-1
5.633333333E0,3.308477317E-2,3.375345663E-1
5.666666667E0,3.270462197E-2,3.344541911E-1
5.700000000E0,3.242248819E-2,3.303026478E-1
5.733333333E0,3.205823893E-2,3.258346257E-1
5.766666667E0,3.184667256E-2,3.212547506E-1
5.800000000E0,3.165024895E-2,3.171240444E-1
5.833333333E0,3.164646476E-2,3.154372322E-1
5.866666667E0,3.147390815E-2,3.171437176E-1
5.900000000E0,3.129742680E-2,3.215021304E-1
5.933333333E0,3.111710906E-2,3.289436263E-1
5.966666667E0,3.094195479E-2,3.381440264E-1
6.000000000E0,3.082057731E-2,3.480738295E-1
6.033333333E0,3.082847370E-2,3.569941817E-1
6.066666667E0,3.101983924E-2,3.647383303E-1
6.100000000E0,3.102442493E-2,3.709819123E-1
6.133333333E0,3.075288099E-2,3.738088522E-1
6.166666667E0,3.126900885E-2,3.744289372E-1
6.200000000E0,3.084556039E-2,3.743415400E-1
6.233333333E0,3.185910811E-2,3.746388654E-1
6.266666667E0,3.234964767E-2,3.745755204E-1
6.300000000E0,3.220555362E-2,3.735090933E-1
6.333333333E0,3.096458426E-2,3.707822472E-1
6.366666667E0,2.974680655E-2,3.677778155E-1
6.400000000E0,2.950411978E-2,3.648885323E-1
6.433333333E0,2.904723613E-2,3.615305152E-1
6.466666667E0,2.891891935E-2,3.584169967E-1
6.500000000E0,2.838613715E-2,3.555202410E-1
6.533333333E0,2.844142774E-2,3.525799641E-1
6.566666667E0,2.806430964E-2,3.487110773E-1
6.600000000E0,2.785492595E-2,3.444817409E-1
6.633333333E0,2.748981746E-2,3.397565887E-1
6.666666667E0,2.717629122E-2,3.347423415E-1
6.700000000E0,2.714566214E-2,3.301605762E-1
6.733333333E0,2.720708117E-2,3.284132904E-1
6.766666667E0,2.706048540E-2,3.300687974E-1
6.800000000E0,2.698622236E-2,3.342085112E-1
6.833333333E0,2.686226648E-2,3.416036679E-1
6.866666667E0,2.670927589E-2,3.507084773E-1
6.900000000E0,2.665547025E-2,3.601683154E-1
6.933333333E0,2.658923065E-2,3.688576461E-1
6.966666667E0,2.663619645E-2,3.765806853E-1
7.000000000E0,2.664207809E-2,3.817227221E-1
7.033333333E0,2.657351892E-2,3.839757470E-1
7.066666667E0,2.703030153E-2,3.842760694E-1
7.100000000E0,2.676606036E-2,3.838286767E-1
7.133333333E0,2.783374109E-2,3.840198614E-1
7.166666667E0,2.831716244E-2,3.837482313E-1
7.200000000E0,2.837784437E-2,3.825766944E-1
7.233333333E0,2.716062846E-2,3.798973003E-1
7.266666667E0,2.626712911E-2,3.773325935E-1
7.300000000E0,2.608804282E-2,3.754328449E-1
7.333333333E0,2.569634552E-2,3.731298203E-1
7.366666667E0,2.573163287E-2,3.711363705E-1
7.400000000E0,2.555982806E-2,3.699958521E-1
7.433333333E0,2.546222819E-2,3.684658583E-1
7.466666667E0,2.525070507E-2,3.662970023E-1
7.500000000E0,2.516050168E-2,3.636678283E-1
7.533333333E0,2.500734597E-2,3.604381365E-1
7.566666667E0,2.496589426E-2,3.569097750E-1
7.600000000E0,2.503091300E-2,3.543267365E-1
7.633333333E0,2.487610227E-2,3.541430776E-1
7.666666667E0,2.496016292E-2,3.573285566E-1
7.700000000E0,2.501969400E-2,3.634797074E-1
7.733333333E0,2.475677625E-2,3.721324488E-1
7.766666667E0,2.458351840E-2,3.824508208E-1
7.800000000E0,2.450926092E-2,3.931733564E-1
7.833333333E0,2.447453416E-2,4.028825009E-1
7.866666667E0,2.450293598E-2,4.110090209E-1
7.900000000E0,2.439656788E-2,4.170874993E-1
7.933333333E0,2.450745006E-2,4.205624447E-1
7.966666667E0,2.499095607E-2,4.214484076E-1
8.000000000E0,2.482081459E-2,4.213521410E-1
8.033333333E0,2.585812498E-2,4.213628350E-1
8.066666667E0,2.664060839E-2,4.211854854E-1
8.100000000E0,2.609947393E-2,4.195107776E-1
8.133333333E0,2.511784564E-2,4.165886377E-1
8.166666667E0,2.405129802E-2,4.137066174E-1
8.200000000E0,2.426034661E-2,4.115695818E-1
8.233333333E0,2.403323064E-2,4.095911228E-1
8.266666667E0,2.426932595E-2,4.079313250E-1
8.300000000E0,2.419743348E-2,4.068826358E-1
8.333333333E0,2.421510191E-2,4.056017847E-1
8.366666667E0,2.435941718E-2,4.035910706E-1
8.400000000E0,2.438866054E-2,4.010458370E-1
8.433333333E0,2.438719745E-2,3.977171221E-1
8.466666667E0,2.418760359E-2,3.941954056E-1
8.500000000E0,2.421095218E-2,3.918511214E-1
8.533333333E0,2.426588274E-2,3.920968125E-1
8.566666667E0,2.454588595E-2,3.948938596E-1
8.600000000E0,2.462210428E-2,4.004201891E-1
8.633333333E0,2.461378774E-2,4.086093768E-1
8.666666667E0,2.460391976E-2,4.186233059E-1
8.700000000E0,2.466487113E-2,4.287822288E-1
8.733333333E0,2.479004771E-2,4.314612213E-1
8.766666667E0,2.498703234E-2,4.294220404E-1
8.800000000E0,2.514742079E-2,4.276675709E-1
8.833333333E0,2.516586340E-2,4.251898397E-1
8.866666667E0,2.563616964E-2,4.215990380E-1
8.900000000E0,2.549942860E-2,4.179039461E-1
8.933333333E0,2.649906045E-2,4.156593740E-1
8.966666667E0,2.719169424E-2,4.142046562E-1
9.000000000E0,2.694049479E-2,4.123540399E-1
9.033333333E0,2.611752141E-2,4.092736910E-1
9.066666667E0,2.512141152E-2,4.058796269E-1
9.100000000E0,2.511035118E-2,4.027212457E-1
9.133333333E0,2.484652521E-2,3.994320055E-1
9.166666667E0,2.484380301E-2,3.963296676E-1
9.200000000E0,2.467075332E-2,3.935727798E-1
9.233333333E0,2.485013393E-2,3.907084723E-1
9.266666667E0,2.464137484E-2,3.872861894E-1
9.300000000E0,2.469122995E-2,3.832171646E-1
9.333333333E0,2.454748144E-2,3.785597274E-1
9.366666667E0,2.449993923E-2,3.737803295E-1
9.400000000E0,2.457810803E-2,3.701203143E-1
9.433333333E0,2.455980206E-2,3.693317206E-1
9.466666667E0,2.463498728E-2,3.715339648E-1
9.500000000E0,2.498975180E-2,3.771333999E-1
9.533333333E0,2.505502954E-2,3.848331374E-1
9.566666667E0,2.505721130E-2,3.938764280E-1
9.600000000E0,2.516574435E-2,4.034941547E-1
9.633333333E0,2.544478361E-2,4.128104585E-1
9.666666667E0,2.561349485E-2,4.200496445E-1
9.700000000E0,2.572147304E-2,4.251574028E-1
9.733333333E0,2.602488195E-2,4.273502597E-1
9.766666667E0,2.669846614E-2,4.277864767E-1
9.800000000E0,2.683782521E-2,4.270161452E-1
9.833333333E0,2.824959859E-2,4.270987589E-1
9.866666667E0,2.928247922E-2,4.263624806E-1
9.900000000E0,2.881479016E-2,4.244501374E-1
9.933333333E0,2.807061879E-2,4.208916515E-1
9.966666667E0,2.737861454E-2,4.177215444E-1
1.000000000E1,2.732341423E-2,4.147401034E-1
1.003333333E1,2.717994104E-2,4.121866057E-1
1.006666667E1,2.730836358E-2,4.104037300E-1
1.010000000E1,2.724562352E-2,4.093849378E-1
1.013333333E1,2.746447354E-2,4.082614057E-1
1.016666667E1,2.732735294E-2,4.063130063E-1
1.020000000E1,2.755539046E-2,4.041634961E-1
1.023333333E1,2.724677769E-2,4.011159284E-1
1.026666667E1,2.717873341E-2,3.978757634E-1
1.030000000E1,2.730606874E-2,3.961489594E-1
1.033333333E1,2.749939536E-2,3.969164013E-1
1.036666667E1,2.742777495E-2,4.001653991E-1
1.040000000E1,2.743841529E-2,4.063546411E-1
1.043333333E1,2.745520261E-2,4.149281695E-1
1.046666667E1,2.718991393E-2,4.252593385E-1
1.050000000E1,2.724653243E-2,4.290653264E-1
1.053333333E1,2.733170886E-2,4.274527485E-1
1.056666667E1,2.723815852E-2,4.261973702E-1
1.060000000E1,2.727322939E-2,4.249228084E-1
1.063333333E1,2.730511806E-2,4.225706862E-1
1.066666667E1,2.780562360E-2,4.190334726E-1
1.070000000E1,2.762575941E-2,4.161684250E-1
1.073333333E1,2.864604232E-2,4.151214690E-1
1.076666667E1,2.918746650E-2,4.147256117E-1
1.080000000E1,2.873872772E-2,4.135652796E-1
1.083333333E1,2.760776113E-2,4.112871723E-1
1.086666667E1,2.661268841E-2,4.089955420E-1
1.090000000E1,2.663574149E-2,4.064801594E-1
1.093333333E1,2.617397937E-2,4.041031606E-1
1.096666667E1,2.602236993E-2,4.022096279E-1
1.100000000E1,2.577132158E-2,4.011512702E-1
1.103333333E1,2.573668888E-2,3.996280002E-1
1.106666667E1,2.544719122E-2,3.973345929E-1
1.110000000E1,2.529015211E-2,3.943723870E-1
1.113333333E1,2.512023910E-2,3.908627997E-1
1.116666667E1,2.482532621E-2,3.874977608E-1
1.120000000E1,2.487669162E-2,3.854765799E-1
1.123333333E1,2.493035320E-2,3.862115995E-1
1.126666667E1,2.487712073E-2,3.896253457E-1
1.130000000E1,2.480208921E-2,3.958512844E-1
1.133333333E1,2.461570636E-2,4.046028975E-1
1.136666667E1,2.443632538E-2,4.145664729E-1
1.140000000E1,2.424385057E-2,4.249340058E-1
1.143333333E1,2.442804182E-2,4.286137891E-1
1.146666667E1,2.433042682E-2,4.268643645E-1
1.150000000E1,2.456508656E-2,4.250719923E-1
1.153333333E1,2.448071999E-2,4.222541667E-1
1.156666667E1,2.499103388E-2,4.184395178E-1
1.160000000E1,2.484550653E-2,4.146532494E-1
1.163333333E1,2.599953199E-2,4.123976184E-1
1.166666667E1,2.666546321E-2,4.103004227E-1
1.170000000E1,2.587783393E-2,4.078799451E-1
