t,x,y
0.000000000E0,-2.480903676E-1,-5.926701575E-2
3.333333333E-2,-2.392883360E-1,-6.437533956E-2
6.666666667E-2,-2.241910145E-1,-7.143102803E-2
1.000000000E-1,-2.094846656E-1,-7.981421828E-2
1.333333333E-1,-1.844774331E-1,-9.776813115E-2
1.666666667E-1,-1.816395601E-1,-1.009558103E-1
2.000000000E-1,-1.824857209E-1,-9.789540757E-2
2.333333333E-1,-2.054348829E-1,-8.548285466E-2
2.666666667E-1,-2.316791709E-1,-7.245859161E-2
3.000000000E-1,-2.591084730E-1,-6.024598568E-2
3.333333333E-1,-2.692400776E-1,-5.141539076E-2
3.666666667E-1,-2.749474992E-1,-4.390111961E-2
4.000000000E-1,-2.813177170E-1,-3.113226800E-2
4.333333333E-1,-2.919646445E-1,-1.179808714E-2
4.666666667E-1,-3.087870106E-1,2.090154104E-2
5.000000000E-1,-3.274487510E-1,7.895939119E-2
5.333333333E-1,-3.335195693E-1,1.175129833E-1
5.666666667E-1,-3.351269908E-1,1.362136635E-1
6.000000000E-1,-3.342623435E-1,1.377366398E-1
6.333333333E-1,-3.330746889E-1,1.234011361E-1
6.666666667E-1,-3.284940887E-1,8.623608308E-2
7.000000000E-1,-3.120976993E-1,3.630851879E-2
7.333333333E-1,-2.908458418E-1,-7.022166961E-3
7.666666667E-1,-2.494678235E-1,-4.646788563E-2
8.000000000E-1,-1.913113555E-1,-8.202744924E-2
8.333333333E-1,-2.355417857E-1,-5.428392666E-2
8.666666667E-1,-2.171155611E-1,-6.386597990E-2
9.000000000E-1,-1.928835105E-1,-8.048341980E-2
9.333333333E-1,-1.872745890E-1,-8.628601342E-2
9.666666667E-1,-1.932702074E-1,-8.649613392E-2
1.000000000E0,-2.079068526E-1,-8.039314925E-2
1.033333333E0,-2.311869516E-1,-6.830234646E-2
1.066666667E0,-2.554230504E-1,-5.086156274E-2
1.100000000E0,-2.692150052E-1,-3.991880947E-2
1.133333333E0,-2.775793210E-1,-3.101886186E-2
1.166666667E0,-2.816938606E-1,-2.026091487E-2
1.200000000E0,-2.892749890E-1,-5.062276430E-3
1.233333333E0,-3.038573919E-1,2.255361421E-2
1.266666667E0,-3.199856840E-1,6.213765161E-2
1.300000000E0,-3.309743280E-1,1.045074362E-1
1.333333333E0,-3.360443022E-1,1.446603872E-1
1.366666667E0,-3.311298458E-1,1.714142328E-1
1.400000000E0,-3.355147704E-1,1.477588968E-1
1.433333333E0,-3.302227522E-1,1.329789807E-1
1.466666667E0,-3.202867999E-1,6.719233671E-2
1.500000000E0,-2.963149270E-1,1.831074683E-2
1.533333333E0,-2.756020040E-1,-1.262401119E-2
1.566666667E0,-2.411617542E-1,-4.235350316E-2
1.600000000E0,-1.902623341E-1,-8.021554039E-2
1.633333333E0,-2.184175428E-1,-5.633642513E-2
1.666666667E0,-2.036774232E-1,-6.648346085E-2
1.700000000E0,-1.887228451E-1,-6.953321417E-2
1.733333333E0,-1.868063104E-1,-7.199901381E-2
1.766666667E0,-1.971995292E-1,-7.098724640E-2
1.800000000E0,-2.181021061E-1,-7.062955140E-2
1.833333333E0,-2.390688047E-1,-5.948473679E-2
1.866666667E0,-2.545017904E-1,-4.965140866E-2
1.900000000E0,-2.647479285E-1,-4.224464426E-2
1.933333333E0,-2.703246585E-1,-3.584139742E-2
1.966666667E0,-2.776234863E-1,-2.335670073E-2
2.000000000E0,-2.790806287E-1,8.571903822E-3
2.033333333E0,-2.953507234E-1,3.909919430E-2
2.066666667E0,-3.099972748E-1,7.833091405E-2
2.100000000E0,-3.179215295E-1,1.169502118E-1
2.133333333E0,-3.201207431E-1,1.396574894E-1
2.166666667E0,-3.209227117E-1,1.435636281E-1
2.200000000E0,-3.187506147E-1,1.274607855E-1
2.233333333E0,-3.145251371E-1,9.004723124E-2
2.266666667E0,-2.983280289E-1,4.356614115E-2
2.300000000E0,-2.770933245E-1,7.462669272E-3
2.333333333E0,-2.428510449E-1,-2.841485344E-2
2.366666667E0,-1.861074929E-1,-7.953260909E-2
2.400000000E0,-2.206627212E-1,-4.615476299E-2
2.433333333E0,-2.150887123E-1,-6.401386888E-2
2.466666667E0,-1.847188816E-1,-6.562716875E-2
2.500000000E0,-1.778246634E-1,-8.258329219E-2
2.533333333E0,-1.819662534E-1,-8.203854092E-2
2.566666667E0,-2.082217330E-1,-7.234053797E-2
2.600000000E0,-2.373373968E-1,-5.727553757E-2
2.633333333E0,-2.483007677E-1,-4.786736346E-2
2.666666667E0,-2.602176301E-1,-3.859529526E-2
2.700000000E0,-2.686209029E-1,-3.046124480E-2
2.733333333E0,-2.728346388E-1,-2.235564663E-2
2.766666667E0,-2.780802848E-1,-1.085707138E-2
2.800000000E0,-2.928642516E-1,1.499964506E-2
2.833333333E0,-3.102728688E-1,5.069047917E-2
2.866666667E0,-3.233707243E-1,9.317115783E-2
2.900000000E0,-3.312319372E-1,1.321888596E-1
2.933333333E0,-3.337198711E-1,1.601293022E-1
2.966666667E0,-3.316777732E-1,1.593948040E-1
3.000000000E0,-3.293819869E-1,1.164407644E-1
3.033333333E0,-3.171607534E-1,7.027402379E-2
3.066666667E0,-3.040925211E-1,4.180855188E-2
3.100000000E0,-2.771479884E-1,2.727312110E-3
3.133333333E0,-2.456750780E-1,-2.799563903E-2
3.166666667E0,-2.276457780E-1,-4.095219627E-2
3.200000000E0,-2.228275577E-1,-4.090916794E-2
3.233333333E0,-2.132533612E-1,-4.647697716E-2
3.266666667E0,-1.826852220E-1,-6.560456617E-2
3.300000000E0,-1.738491880E-1,-7.466640499E-2
3.333333333E0,-1.827230633E-1,-7.384949565E-2
3.366666667E0,-1.997028639E-1,-6.780026501E-2
3.400000000E0,-2.335156230E-1,-4.781291832E-2
3.433333333E0,-2.491967666E-1,-3.621839507E-2
3.466666667E0,-2.612896646E-1,-2.598051208E-2
3.500000000E0,-2.673611565E-1,-1.815648668E-2
3.533333333E0,-2.725033000E-1,-9.345960741E-3
3.566666667E0,-2.805903577E-1,5.588033547E-3
3.600000000E0,-2.961693977E-1,3.500733621E-2
3.633333333E0,-3.116809238E-1,7.092330442E-2
3.666666667E0,-3.246422778E-1,1.169368305E-1
3.700000000E0,-3.288632732E-1,1.589297282E-1
3.733333333E0,-3.280439232E-1,1.702183551E-1
3.766666667E0,-3.279084352E-1,1.621704139E-1
3.800000000E0,-3.248764069E-1,1.217245697E-1
3.833333333E0,-3.046167566E-1,5.235664967E-2
3.866666667E0,-2.757726511E-1,9.394496874E-3
3.900000000E0,-2.480835366E-1,-2.019613937E-2
3.933333333E0,-2.397931009E-1,-2.491132008E-2
3.966666667E0,-2.311908504E-1,-3.182500598E-2
4.000000000E0,-2.129271980E-1,-4.195274825E-2
4.033333333E0,-1.853862510E-1,-6.019596738E-2
4.066666667E0,-1.751741167E-1,-6.717789824E-2
4.100000000E0,-1.768078543E-1,-6.790976107E-2
4.133333333E0,-1.858080438E-1,-6.736712075E-2
4.166666667E0,-2.127604980E-1,-5.313113836E-2
4.200000000E0,-2.401950593E-1,-3.437622626E-2
4.233333333E0,-2.559069569E-1,-2.226722237E-2
4.266666667E0,-2.654002007E-1,-1.178804892E-2
4.300000000E0,-2.703391060E-1,-2.779781495E-3
4.333333333E0,-2.775749248E-1,1.243768292E-2
4.366666667E0,-2.879674617E-1,3.257465632E-2
4.400000000E0,-3.048577638E-1,6.867155545E-2
4.433333333E0,-3.187946564E-1,1.117451036E-1
4.466666667E0,-3.281233005E-1,1.559143864E-1
4.500000000E0,-3.290531171E-1,1.911174030E-1
4.533333333E0,-3.279048911E-1,1.915919437E-1
4.566666667E0,-3.261949557E-1,1.723227826E-1
4.600000000E0,-3.216221375E-1,1.325698837E-1
4.633333333E0,-3.014720070E-1,7.130447210E-2
4.666666667E0,-2.670450792E-1,2.376770493E-2
4.700000000E0,-2.447128958E-1,1.998194459E-3
4.733333333E0,-2.384720703E-1,-2.351415995E-4
4.766666667E0,-2.172440064E-1,-1.659504086E-2
4.800000000E0,-1.991771991E-1,-2.585559729E-2
4.833333333E0,-1.839841520E-1,-3.511460787E-2
4.866666667E0,-1.742979383E-1,-3.971296657E-2
4.900000000E0,-1.836100413E-1,-3.964779839E-2
4.933333333E0,-1.995474752E-1,-3.281801032E-2
4.966666667E0,-2.248888551E-1,-1.804093574E-2
5.000000000E0,-2.499919384E-1,1.846011782E-3
5.033333333E0,-2.621327314E-1,1.353076277E-2
5.066666667E0,-2.675796192E-1,2.288688411E-2
5.100000000E0,-2.722723883E-1,3.392396555E-2
5.133333333E0,-2.795380762E-1,4.989133061E-2
5.166666667E0,-2.958634963E-1,8.221040675E-2
5.200000000E0,-3.124311386E-1,1.232238882E-1
5.233333333E0,-3.237857526E-1,1.690075452E-1
5.266666667E0,-3.290325247E-1,2.145589925E-1
5.300000000E0,-3.312521842E-1,2.105544800E-1
5.333333333E0,-3.253073307E-1,2.190748287E-1
5.366666667E0,-3.241759989E-1,1.722434226E-1
5.400000000E0,-3.123252086E-1,1.295634187E-1
5.433333333E0,-2.923452472E-1,8.442723704E-2
5.466666667E0,-2.547599519E-1,4.222736422E-2
5.500000000E0,-2.338055527E-1,1.876035636E-2
5.533333333E0,-2.256889730E-1,1.456365884E-2
5.566666667E0,-2.218188650E-1,1.989460131E-2
5.600000000E0,-2.035572464E-1,1.561389217E-2
5.633333333E0,-1.727712870E-1,-1.924938469E-2
5.666666667E0,-1.708302951E-1,-1.371534740E-2
5.700000000E0,-1.809238761E-1,-1.118525224E-2
5.733333333E0,-2.163299858E-1,6.760056507E-3
5.766666667E0,-2.313604826E-1,1.787376781E-2
5.800000000E0,-2.471484097E-1,3.067399291E-2
5.833333333E0,-2.580052613E-1,4.104446013E-2
5.866666667E0,-2.632468757E-1,4.973878890E-2
5.900000000E0,-2.694863266E-1,6.322549511E-2
5.933333333E0,-2.875335537E-1,9.833798680E-2
5.966666667E0,-3.036333369E-1,1.347545602E-1
6.000000000E0,-3.170042558E-1,1.772303600E-1
6.033333333E0,-3.246157727E-1,2.180519885E-1
6.066666667E0,-3.260734652E-1,2.363943101E-1
6.100000000E0,-3.244371377E-1,2.397969493E-1
6.133333333E0,-3.234935935E-1,2.280652851E-1
6.166666667E0,-3.189593941E-1,1.888711478E-1
6.200000000E0,-3.036382676E-1,1.426242225E-1
6.233333333E0,-2.786034893E-1,9.933459116E-2
6.266666667E0,-2.385814803E-1,5.695146075E-2
6.300000000E0,-2.324161256E-1,5.391556197E-2
6.333333333E0,-2.205096329E-1,4.777947625E-2
6.366666667E0,-2.039122546E-1,3.880891027E-2
6.400000000E0,-1.786467769E-1,2.155678817E-2
6.433333333E0,-1.680820161E-1,1.068104360E-2
6.466666667E0,-1.735104507E-1,1.279100354E-2
6.500000000E0,-2.027927906E-1,2.682302842E-2
6.533333333E0,-2.295192325E-1,4.362096890E-2
6.566666667E0,-2.377454079E-1,4.945733252E-2
6.600000000E0,-2.514416627E-1,6.017750568E-2
6.633333333E0,-2.591493851E-1,6.778214677E-2
6.666666667E0,-2.646044855E-1,7.794770363E-2
6.700000000E0,-2.732290270E-1,9.452325089E-2
6.733333333E0,-2.952515541E-1,1.368730175E-1
6.766666667E0,-3.096002755E-1,1.738005070E-1
6.800000000E0,-3.208782451E-1,2.167534932E-1
6.833333333E0,-3.256276935E-1,2.517968937E-1
6.866666667E0,-3.281380934E-1,2.807287128E-1
6.900000000E0,-3.238579447E-1,2.675396323E-1
6.933333333E0,-3.251801813E-1,2.451018996E-1
6.966666667E0,-3.114192841E-1,1.828065189E-1
7.000000000E0,-2.966593263E-1,1.551150498E-1
7.033333333E0,-2.656297523E-1,1.083255134E-1
7.066666667E0,-2.521996478E-1,8.158693834E-2
7.100000000E0,-2.249802905E-1,6.531154598E-2
7.133333333E0,-2.101693928E-1,5.900052272E-2
7.166666667E0,-2.064991952E-1,6.218791338E-2
7.200000000E0,-1.786148237E-1,3.734376308E-2
7.233333333E0,-1.762932103E-1,3.399182989E-2
7.266666667E0,-1.853847703E-1,3.520591231E-2
7.300000000E0,-2.072518081E-1,4.522025655E-2
7.333333333E0,-2.369087443E-1,6.403663741E-2
7.366666667E0,-2.527046892E-1,7.773893824E-2
7.400000000E0,-2.638730919E-1,8.784037475E-2
7.433333333E0,-2.682185497E-1,9.601939854E-2
7.466666667E0,-2.736672331E-1,1.078748994E-1
7.500000000E0,-2.822475556E-1,1.250788342E-1
7.533333333E0,-2.995500235E-1,1.594849292E-1
7.566666667E0,-3.158758910E-1,2.024611213E-1
7.600000000E0,-3.257853896E-1,2.468738873E-1
7.633333333E0,-3.283964139E-1,2.869690817E-1
7.666666667E0,-3.250733536E-1,3.023716483E-1
7.700000000E0,-3.266211147E-1,2.652118742E-1
7.733333333E0,,
7.766666667E0,-3.099202861E-1,1.972581540E-1
7.800000000E0,-2.862582345E-1,1.456829095E-1
7.833333333E0,-2.427530138E-1,9.594421849E-2
7.866666667E0,-2.411158006E-1,9.797711992E-2
7.900000000E0,-2.317336088E-1,9.170044737E-2
7.933333333E0,-2.137579177E-1,8.242556914E-2
7.966666667E0,-1.860176679E-1,6.341121080E-2
8.000000000E0,-1.777544087E-1,5.602397108E-2
8.033333333E0,-1.813217825E-1,5.610583162E-2
8.066666667E0,-1.929404978E-1,5.867955382E-2
8.100000000E0,-2.198411168E-1,7.272991992E-2
8.133333333E0,-2.471321835E-1,9.151088201E-2
8.166666667E0,-2.611988266E-1,1.022210929E-1
8.200000000E0,-2.689768750E-1,1.101095438E-1
8.233333333E0,-2.728436337E-1,1.177379753E-1
8.266666667E0,-2.791821386E-1,1.310078657E-1
8.300000000E0,-2.918519803E-1,1.540717454E-1
8.333333333E0,-3.092144878E-1,1.901062478E-1
8.366666667E0,-3.237240633E-1,2.358271059E-1
8.400000000E0,-3.314337778E-1,2.755992148E-1
8.433333333E0,-3.319726715E-1,3.067092912E-1
8.466666667E0,-3.303975992E-1,2.991795623E-1
8.500000000E0,-3.278224239E-1,2.574170204E-1
8.533333333E0,-3.147498011E-1,2.064672200E-1
8.566666667E0,-2.887738952E-1,1.574483321E-1
8.600000000E0,-2.573984473E-1,1.199453941E-1
8.633333333E0,-2.437497908E-1,1.084656957E-1
8.666666667E0,-2.373269559E-1,1.053279744E-1
8.700000000E0,-2.228411901E-1,9.752159457E-2
8.733333333E0,-1.978822261E-1,8.107337292E-2
8.766666667E0,-1.799902614E-1,6.865739315E-2
8.800000000E0,-1.770519408E-1,6.520298463E-2
8.833333333E0,-1.847727730E-1,6.601156120E-2
8.866666667E0,-2.023320041E-1,7.293601489E-2
8.900000000E0,-2.346239222E-1,9.196513139E-2
8.933333333E0,-2.513038971E-1,1.044145598E-1
8.966666667E0,-2.637880621E-1,1.147778706E-1
9.000000000E0,-2.700489643E-1,1.224085849E-1
9.033333333E0,-2.746493114E-1,1.325313898E-1
9.066666667E0,-2.826831150E-1,1.479670236E-1
9.100000000E0,-2.992628227E-1,1.791202026E-1
9.133333333E0,-3.154295937E-1,2.202163929E-1
9.166666667E0,-3.270059624E-1,2.634807112E-1
9.200000000E0,-3.307989219E-1,3.055733043E-1
9.233333333E0,-3.308845018E-1,3.170707055E-1
9.266666667E0,-3.295863881E-1,2.886314827E-1
9.300000000E0,-3.249104819E-1,2.487816023E-1
9.333333333E0,-3.068210395E-1,1.965617800E-1
9.366666667E0,-2.771719048E-1,1.498913698E-1
9.400000000E0,-2.506397630E-1,1.213344094E-1
9.433333333E0,-2.420499274E-1,1.171287596E-1
9.466666667E0,-2.333066516E-1,1.102712897E-1
9.500000000E0,-2.159881868E-1,1.014920627E-1
9.533333333E0,-1.891626994E-1,8.325636076E-2
9.566666667E0,-1.781438258E-1,7.418760233E-2
9.600000000E0,-1.788819504E-1,7.290700869E-2
9.633333333E0,-1.885670519E-1,7.390617113E-2
9.666666667E0,-2.149431554E-1,8.789283666E-2
9.700000000E0,-2.438610826E-1,1.073468655E-1
9.733333333E0,-2.593638710E-1,1.194505390E-1
9.766666667E0,-2.689702152E-1,1.285383743E-1
9.800000000E0,-2.732817554E-1,1.361320042E-1
9.833333333E0,-2.794041454E-1,1.492730092E-1
9.866666667E0,-2.901178156E-1,1.699647881E-1
9.900000000E0,-3.075851097E-1,2.058834039E-1
9.933333333E0,-3.222187300E-1,2.501306544E-1
9.966666667E0,-3.299665805E-1,2.909683587E-1
1.000000000E1,-3.310795498E-1,3.248483360E-1
1.003333333E1,-3.300204184E-1,3.223569185E-1
1.006666667E1,-3.289663526E-1,2.834964819E-1
1.010000000E1,-3.201005718E-1,2.370954575E-1
1.013333333E1,-2.956205248E-1,1.840398810E-1
1.016666667E1,-2.655263279E-1,1.445770957E-1
1.020000000E1,-2.457691962E-1,1.260379140E-1
1.023333333E1,-2.395849218E-1,1.235610251E-1
1.026666667E1,-2.263285267E-1,1.149054394E-1
1.030000000E1,-2.112087984E-1,1.066650227E-1
1.033333333E1,-1.810803405E-1,8.534804957E-2
1.036666667E1,-1.769503731E-1,8.213551769E-2
1.040000000E1,-1.844716468E-1,8.289687609E-2
1.043333333E1,-2.009575872E-1,8.934469114E-2
1.046666667E1,-2.370525206E-1,1.114766001E-1
1.050000000E1,-2.549514934E-1,1.253128240E-1
1.053333333E1,-2.672127565E-1,1.365276830E-1
1.056666667E1,-2.733504581E-1,1.450960714E-1
1.060000000E1,-2.776614701E-1,1.555390787E-1
1.063333333E1,-2.842081942E-1,1.697060148E-1
1.066666667E1,-3.011187582E-1,2.017482591E-1
1.070000000E1,-3.179697851E-1,2.432653609E-1
1.073333333E1,-3.291438535E-1,2.891326870E-1
1.076666667E1,-3.331049892E-1,3.335314396E-1
1.080000000E1,-3.330585264E-1,3.471664904E-1
1.083333333E1,-3.325634710E-1,3.331595527E-1
1.086666667E1,-3.292242841E-1,2.846818103E-1
1.090000000E1,-3.151390583E-1,2.355923058E-1
1.093333333E1,-2.887475967E-1,1.881013528E-1
1.096666667E1,-2.571500477E-1,1.514734644E-1
1.100000000E1,-2.354554567E-1,1.357921022E-1
1.103333333E1,-2.306175685E-1,1.323434511E-1
1.106666667E1,-2.148879125E-1,1.246606449E-1
1.110000000E1,-1.886902110E-1,1.068037489E-1
1.113333333E1,-1.695990870E-1,9.206979137E-2
1.116666667E1,-1.686155217E-1,9.056229643E-2
1.120000000E1,-1.798524226E-1,9.300511677E-2
1.123333333E1,-2.040984329E-1,1.042062132E-1
1.126666667E1,-2.334666292E-1,1.228099624E-1
1.130000000E1,-2.506538107E-1,1.355585066E-1
1.133333333E1,-2.610535201E-1,1.440437184E-1
1.136666667E1,-2.654778501E-1,1.506170132E-1
1.140000000E1,-2.710579056E-1,1.621859454E-1
1.143333333E1,-2.796076324E-1,1.789787859E-1
1.146666667E1,-2.974979370E-1,2.118844966E-1
1.150000000E1,-3.135095484E-1,2.551351747E-1
1.153333333E1,-3.237392047E-1,2.972329245E-1
1.156666667E1,-3.258166956E-1,3.340207358E-1
1.160000000E1,-3.251203503E-1,3.367596568E-1
1.163333333E1,-3.248177761E-1,3.185720088E-1
1.166666667E1,-3.163110482E-1,2.611522681E-1
1.170000000E1,-2.952396939E-1,2.085482048E-1
1.173333333E1,-2.620802039E-1,1.621294323E-1
1.176666667E1,-2.388669312E-1,1.393427404E-1
1.180000000E1,-2.337925477E-1,1.377090204E-1
1.183333333E1,-2.240203445E-1,1.317710693E-1
1.186666667E1,-2.048067246E-1,1.212338509E-1
1.190000000E1,-1.787805953E-1,1.028940342E-1
1.193333333E1,-1.692424281E-1,9.428240618E-2
1.196666667E1,-1.734984233E-1,9.487493824E-2
1.200000000E1,-1.875383324E-1,9.876601940E-2
1.203333333E1,-2.152566221E-1,1.133653030E-1
1.206666667E1,-2.403093457E-1,1.318257704E-1
1.210000000E1,-2.546519712E-1,1.430749364E-1
1.213333333E1,-2.619856746E-1,1.510841161E-1
1.216666667E1,-2.654214166E-1,1.592519883E-1
1.220000000E1,-2.713155096E-1,1.729499947E-1
1.223333333E1,-2.856470973E-1,1.991873596E-1
1.226666667E1,-3.040625734E-1,2.399239072E-1
1.230000000E1,-3.182633372E-1,2.860075700E-1
1.233333333E1,-3.245962588E-1,3.255974560E-1
1.236666667E1,-3.261673816E-1,3.569296098E-1
1.240000000E1,-3.240434440E-1,3.537746478E-1
1.243333333E1,-3.228151278E-1,3.282335083E-1
1.246666667E1,-3.085297631E-1,2.555532116E-1
1.250000000E1,-2.820275389E-1,2.069739964E-1
1.253333333E1,-2.508752337E-1,1.696214670E-1
1.256666667E1,-2.407878943E-1,1.572803126E-1
1.260000000E1,-2.297096631E-1,1.523974060E-1
1.263333333E1,-2.152743678E-1,1.454159938E-1
1.266666667E1,-1.911990629E-1,1.297414494E-1
1.270000000E1,-1.756908995E-1,1.186175167E-1
1.273333333E1,-1.698170324E-1,1.125056766E-1
1.276666667E1,-1.791478649E-1,1.148465549E-1
1.280000000E1,-1.978966286E-1,1.235672126E-1
1.283333333E1,-2.302931867E-1,1.438188607E-1
1.286666667E1,-2.541751180E-1,1.601743023E-1
1.290000000E1,-2.591746840E-1,1.665378033E-1
1.293333333E1,-2.650503098E-1,1.742382760E-1
1.296666667E1,-2.695212424E-1,1.851331665E-1
1.300000000E1,-2.771323186E-1,2.001274818E-1
1.303333333E1,-2.939629228E-1,2.334469313E-1
1.306666667E1,-3.110487916E-1,2.761135528E-1
1.310000000E1,-3.229868891E-1,3.216216197E-1
1.313333333E1,-3.267963940E-1,3.633187398E-1
1.316666667E1,-3.267727059E-1,3.736219277E-1
1.320000000E1,-3.244640719E-1,3.614676367E-1
1.323333333E1,-3.193629548E-1,3.037525761E-1
1.326666667E1,-3.011663863E-1,2.512972061E-1
1.330000000E1,-2.789266170E-1,2.136486852E-1
1.333333333E1,-2.421153636E-1,1.735120763E-1
1.336666667E1,-2.368844810E-1,1.732319552E-1
1.340000000E1,-2.282478022E-1,1.662695650E-1
1.343333333E1,-2.104035547E-1,1.568722506E-1
1.346666667E1,-1.841127175E-1,1.386605379E-1
1.350000000E1,-1.747109543E-1,1.309909961E-1
1.353333333E1,-1.768391878E-1,1.302530645E-1
1.356666667E1,-1.871145968E-1,1.326280459E-1
1.360000000E1,-2.137640268E-1,1.470813009E-1
