t,x,y
0.000000000E0,1.704620534E-1,-1.598993911E-2
4.166666667E-3,1.704681575E-1,-1.598556630E-2
8.333333333E-3,1.704861804E-1,-1.597927701E-2
1.250000000E-2,1.705215790E-1,-1.597006049E-2
1.666666667E-2,1.705020715E-1,-1.595735602E-2
2.083333333E-2,1.704987237E-1,-1.595772061E-2
2.500000000E-2,1.705048086E-1,-1.599936265E-2
2.916666667E-2,1.705044623E-1,-1.599752874E-2
3.333333333E-2,1.704739670E-1,-1.598130302E-2
3.750000000E-2,1.704788002E-1,-1.597858279E-2
4.166666667E-2,1.704962320E-1,-1.596807042E-2
4.583333333E-2,1.705051222E-1,-1.597147037E-2
5.000000000E-2,1.704990677E-1,-1.596001468E-2
5.416666667E-2,1.705242482E-1,-1.596016035E-2
5.833333333E-2,1.704930831E-1,-1.590164090E-2
6.250000000E-2,1.704608134E-1,-1.596818214E-2
6.666666667E-2,1.704965723E-1,-1.604433913E-2
7.083333333E-2,1.705058024E-1,-1.604666424E-2
7.500000000E-2,1.704474813E-1,-1.635485227E-2
7.916666667E-2,1.704488641E-1,-1.680841528E-2
8.333333333E-2,1.704753734E-1,-1.703104560E-2
8.750000000E-2,1.703086891E-1,-1.750664966E-2
9.166666667E-2,1.701906094E-1,-1.871775438E-2
9.583333333E-2,1.701444435E-1,-1.969316328E-2
1.000000000E-1,1.699377539E-1,-2.090832910E-2
1.041666667E-1,1.697183814E-1,-2.287571884E-2
1.083333333E-1,1.695774680E-1,-2.484984958E-2
1.125000000E-1,1.692213755E-1,-2.664818420E-2
1.166666667E-1,1.689040053E-1,-2.896051032E-2
1.208333333E-1,1.686186143E-1,-3.131632238E-2
1.250000000E-1,1.681606397E-1,-3.332695614E-2
1.291666667E-1,1.677713534E-1,-3.566399037E-2
1.333333333E-1,1.674733733E-1,-3.816420559E-2
1.375000000E-1,1.671102699E-1,-4.023791423E-2
1.416666667E-1,1.665515951E-1,-4.255019925E-2
1.458333333E-1,1.658948682E-1,-4.523086799E-2
1.500000000E-1,1.654241317E-1,-4.727514358E-2
1.541666667E-1,1.646448604E-1,-4.947237216E-2
1.583333333E-1,1.639711546E-1,-5.218892411E-2
1.625000000E-1,1.633887505E-1,-5.442462572E-2
1.666666667E-1,1.624925516E-1,-5.668903027E-2
1.708333333E-1,1.616524392E-1,-5.964418322E-2
1.750000000E-1,1.607586417E-1,-6.241642977E-2
1.791666667E-1,1.599492668E-1,-6.493201307E-2
1.833333333E-1,1.587105457E-1,-6.796740253E-2
1.875000000E-1,1.576496124E-1,-7.093043699E-2
1.916666667E-1,1.565577736E-1,-7.351794007E-2
1.958333333E-1,1.552964200E-1,-7.631296304E-2
2.000000000E-1,1.541206427E-1,-7.922896146E-2
2.041666667E-1,1.528419304E-1,-8.178723823E-2
2.083333333E-1,1.513908407E-1,-8.459720460E-2
2.125000000E-1,1.499970035E-1,-8.756960133E-2
2.166666667E-1,1.487033082E-1,-9.025291251E-2
2.208333333E-1,1.470712152E-1,-9.268014069E-2
2.250000000E-1,1.456288743E-1,-9.556480582E-2
2.291666667E-1,1.440939736E-1,-9.820880981E-2
2.333333333E-1,1.423492255E-1,-1.007132919E-1
2.375000000E-1,1.408063347E-1,-1.030776225E-1
2.416666667E-1,1.390712774E-1,-1.057346046E-1
2.458333333E-1,1.372408225E-1,-1.082608034E-1
2.500000000E-1,1.353224862E-1,-1.109563493E-1
2.541666667E-1,1.334162263E-1,-1.134150124E-1
2.583333333E-1,1.314773827E-1,-1.160303196E-1
2.625000000E-1,1.292587655E-1,-1.186868282E-1
2.666666667E-1,1.273833749E-1,-1.210672193E-1
2.708333333E-1,1.252008240E-1,-1.233903830E-1
2.750000000E-1,1.229024655E-1,-1.258017657E-1
2.791666667E-1,1.208786560E-1,-1.281620274E-1
2.833333333E-1,1.187737929E-1,-1.301729801E-1
2.875000000E-1,1.164784767E-1,-1.322506496E-1
2.916666667E-1,1.143792918E-1,-1.343581844E-1
2.958333333E-1,1.120806502E-1,-1.366317329E-1
3.000000000E-1,1.098004757E-1,-1.384943605E-1
3.041666667E-1,1.075768917E-1,-1.402945942E-1
3.083333333E-1,1.053175848E-1,-1.421856080E-1
3.125000000E-1,1.029007896E-1,-1.442052367E-1
3.166666667E-1,1.007150075E-1,-1.458754220E-1
3.208333333E-1,9.840480765E-2,-1.475062701E-1
3.250000000E-1,9.602802696E-2,-1.491941713E-1
3.291666667E-1,9.365691012E-2,-1.508619639E-1
3.333333333E-1,9.161864916E-2,-1.524298148E-1
3.375000000E-1,8.924903109E-2,-1.537672958E-1
3.416666667E-1,8.700690332E-2,-1.551107955E-1
3.458333333E-1,8.476595126E-2,-1.565844513E-1
3.500000000E-1,8.272546293E-2,-1.578441257E-1
3.541666667E-1,8.056345598E-2,-1.590254549E-1
3.583333333E-1,7.847598649E-2,-1.602104584E-1
3.625000000E-1,7.634039647E-2,-1.614860405E-1
3.666666667E-1,7.450463372E-2,-1.622611727E-1
3.708333333E-1,7.256542539E-2,-1.631600033E-1
3.750000000E-1,7.056785266E-2,-1.642055278E-1
3.791666667E-1,6.868826103E-2,-1.651682944E-1
3.833333333E-1,6.717130057E-2,-1.658605589E-1
3.875000000E-1,6.516544819E-2,-1.668019926E-1
3.916666667E-1,6.352969992E-2,-1.676795273E-1
3.958333333E-1,6.208163525E-2,-1.681656805E-1
4.000000000E-1,6.044192604E-2,-1.689656430E-1
4.041666667E-1,5.889842248E-2,-1.695887558E-1
4.083333333E-1,5.772006552E-2,-1.700155272E-1
4.125000000E-1,5.634836295E-2,-1.704476672E-1
4.166666667E-1,5.492124394E-2,-1.710375812E-1
4.208333333E-1,5.417302517E-2,-1.712761821E-1
4.250000000E-1,5.302777722E-2,-1.717218306E-1
4.291666667E-1,5.180824816E-2,-1.723541727E-1
4.333333333E-1,5.122747408E-2,-1.723977631E-1
4.375000000E-1,5.062336833E-2,-1.725049202E-1
4.416666667E-1,4.959702759E-2,-1.730479368E-1
4.458333333E-1,4.918104262E-2,-1.730813724E-1
4.500000000E-1,4.888121217E-2,-1.730492832E-1
4.541666667E-1,4.808791273E-2,-1.733643051E-1
4.583333333E-1,4.785788813E-2,-1.736764428E-1
4.625000000E-1,4.794399333E-2,-1.734196725E-1
4.666666667E-1,4.755238487E-2,-1.736516522E-1
4.708333333E-1,4.744345786E-2,-1.737663765E-1
4.750000000E-1,4.769029244E-2,-1.736748018E-1
4.791666667E-1,4.778441830E-2,-1.735665660E-1
4.833333333E-1,4.774407606E-2,-1.737302112E-1
4.875000000E-1,4.820625474E-2,-1.734594948E-1
4.916666667E-1,4.851101110E-2,-1.731637510E-1
4.958333333E-1,4.851989833E-2,-1.733335793E-1
5.000000000E-1,4.934712057E-2,-1.730610899E-1
5.041666667E-1,4.999943226E-2,-1.727284120E-1
5.083333333E-1,5.031435556E-2,-1.727257162E-1
5.125000000E-1,5.092226894E-2,-1.726360047E-1
5.166666667E-1,5.180062387E-2,-1.721308114E-1
5.208333333E-1,5.221896668E-2,-1.720333825E-1
5.250000000E-1,5.310328908E-2,-1.718342294E-1
5.291666667E-1,5.415283568E-2,-1.713279158E-1
5.333333333E-1,5.489661504E-2,-1.710109936E-1
5.375000000E-1,5.559109942E-2,-1.708134601E-1
5.416666667E-1,5.679310701E-2,-1.703586319E-1
5.458333333E-1,5.770811178E-2,-1.699957012E-1
5.500000000E-1,5.846943647E-2,-1.697150786E-1
5.541666667E-1,5.965817659E-2,-1.693135341E-1
5.583333333E-1,6.082045633E-2,-1.687114716E-1
5.625000000E-1,6.157112284E-2,-1.683155007E-1
5.666666667E-1,6.268031529E-2,-1.679411131E-1
5.708333333E-1,6.384572105E-2,-1.673879442E-1
5.750000000E-1,6.483364183E-2,-1.669032405E-1
5.791666667E-1,6.589542171E-2,-1.665673454E-1
5.833333333E-1,6.712386723E-2,-1.659426953E-1
5.875000000E-1,6.815596370E-2,-1.654646281E-1
5.916666667E-1,6.934274726E-2,-1.650747106E-1
5.958333333E-1,7.050843184E-2,-1.643287740E-1
6.000000000E-1,7.144910023E-2,-1.638059435E-1
6.041666667E-1,7.259227688E-2,-1.632096513E-1
6.083333333E-1,7.395262313E-2,-1.625682576E-1
6.125000000E-1,7.487620260E-2,-1.621115283E-1
6.166666667E-1,7.605028758E-2,-1.615876872E-1
6.208333333E-1,7.735926327E-2,-1.608187953E-1
6.250000000E-1,7.833599154E-2,-1.603479630E-1
6.291666667E-1,7.917796854E-2,-1.600804416E-1
6.333333333E-1,8.053663108E-2,-1.591759652E-1
6.375000000E-1,8.154463418E-2,-1.584772232E-1
6.416666667E-1,8.242681795E-2,-1.580763234E-1
6.458333333E-1,8.368492013E-2,-1.574081478E-1
6.500000000E-1,8.468375952E-2,-1.566063191E-1
6.541666667E-1,8.554941566E-2,-1.560914662E-1
6.583333333E-1,8.675434132E-2,-1.554462603E-1
6.625000000E-1,8.781582789E-2,-1.547839521E-1
6.666666667E-1,8.858543765E-2,-1.543224058E-1
6.708333333E-1,8.957820607E-2,-1.536506824E-1
6.750000000E-1,9.066833320E-2,-1.530152975E-1
6.791666667E-1,9.135874474E-2,-1.523707729E-1
6.833333333E-1,9.225919331E-2,-1.518679058E-1
6.875000000E-1,9.335152119E-2,-1.511254087E-1
6.916666667E-1,9.405386341E-2,-1.506144260E-1
6.958333333E-1,9.491093367E-2,-1.500192153E-1
7.000000000E-1,9.573870227E-2,-1.495506302E-1
7.041666667E-1,9.645276914E-2,-1.489302860E-1
7.083333333E-1,9.729656618E-2,-1.482842900E-1
7.125000000E-1,9.808820419E-2,-1.478716628E-1
7.166666667E-1,9.881622868E-2,-1.473538483E-1
7.208333333E-1,9.947634563E-2,-1.466623237E-1
7.250000000E-1,1.001613989E-1,-1.461955186E-1
7.291666667E-1,1.007806396E-1,-1.458964156E-1
7.333333333E-1,1.014463268E-1,-1.452612747E-1
7.375000000E-1,1.020490363E-1,-1.447361169E-1
7.416666667E-1,1.024578875E-1,-1.443657766E-1
7.458333333E-1,1.030618645E-1,-1.441027495E-1
7.500000000E-1,1.037463114E-1,-1.435411454E-1
7.541666667E-1,1.042378300E-1,-1.431382169E-1
7.583333333E-1,1.045891707E-1,-1.429189362E-1
7.625000000E-1,1.051997891E-1,-1.424866479E-1
7.666666667E-1,1.054969669E-1,-1.420684708E-1
7.708333333E-1,1.056450428E-1,-1.418670217E-1
7.750000000E-1,1.061064394E-1,-1.416300761E-1
7.791666667E-1,1.067282285E-1,-1.411586817E-1
7.833333333E-1,1.066258719E-1,-1.410892020E-1
7.875000000E-1,1.068511900E-1,-1.409667128E-1
7.916666667E-1,1.074299424E-1,-1.405811133E-1
7.958333333E-1,1.073842883E-1,-1.404488354E-1
8.000000000E-1,1.074855230E-1,-1.404183692E-1
8.041666667E-1,1.079165772E-1,-1.401362907E-1
8.083333333E-1,1.079305629E-1,-1.400502187E-1
8.125000000E-1,1.078987853E-1,-1.400993889E-1
8.166666667E-1,1.079568527E-1,-1.400749594E-1
8.208333333E-1,1.079981343E-1,-1.399839048E-1
8.250000000E-1,1.079527064E-1,-1.400903138E-1
8.291666667E-1,1.079656377E-1,-1.401084176E-1
8.333333333E-1,1.079818516E-1,-1.400502499E-1
8.375000000E-1,1.078431947E-1,-1.400768139E-1
8.416666667E-1,1.077660163E-1,-1.404288479E-1
8.458333333E-1,1.076927083E-1,-1.404194384E-1
8.500000000E-1,1.075520871E-1,-1.404000550E-1
8.541666667E-1,1.072880173E-1,-1.407545037E-1
8.583333333E-1,1.072134746E-1,-1.408224510E-1
8.625000000E-1,1.071046664E-1,-1.407534743E-1
8.666666667E-1,1.066897423E-1,-1.412040251E-1
8.708333333E-1,1.065579167E-1,-1.414424239E-1
8.750000000E-1,1.063135929E-1,-1.414891870E-1
8.791666667E-1,1.058889564E-1,-1.417814143E-1
8.833333333E-1,1.055485571E-1,-1.422141830E-1
8.875000000E-1,1.054665000E-1,-1.421699582E-1
8.916666667E-1,1.049317818E-1,-1.424721296E-1
8.958333333E-1,1.043509661E-1,-1.431538382E-1
9.000000000E-1,1.041923421E-1,-1.431738604E-1
9.041666667E-1,1.037216585E-1,-1.433399041E-1
9.083333333E-1,1.031169075E-1,-1.440740181E-1
9.125000000E-1,1.028621208E-1,-1.444824558E-1
9.166666667E-1,1.025244042E-1,-1.445299710E-1
9.208333333E-1,1.018631096E-1,-1.449806368E-1
9.250000000E-1,1.014599719E-1,-1.455328753E-1
9.291666667E-1,1.011846034E-1,-1.455988194E-1
9.333333333E-1,1.004097954E-1,-1.460836654E-1
9.375000000E-1,9.985928068E-2,-1.465530137E-1
9.416666667E-1,9.949805827E-2,-1.469089164E-1
9.458333333E-1,9.891814043E-2,-1.472398285E-1
9.500000000E-1,9.830886774E-2,-1.476491938E-1
9.541666667E-1,9.802359681E-2,-1.480121173E-1
9.583333333E-1,9.745084595E-2,-1.482764334E-1
9.625000000E-1,9.677810248E-2,-1.487031265E-1
9.666666667E-1,9.622824239E-2,-1.492197213E-1
9.708333333E-1,9.581120916E-2,-1.496242585E-1
9.750000000E-1,9.507738684E-2,-1.498889361E-1
9.791666667E-1,9.458835622E-2,-1.502985543E-1
9.833333333E-1,9.408210613E-2,-1.507177899E-1
9.875000000E-1,9.363082963E-2,-1.509082254E-1
9.916666667E-1,9.303515889E-2,-1.514175152E-1
9.958333333E-1,9.234343873E-2,-1.519395921E-1
1.000000000E0,9.202069952E-2,-1.520696607E-1
1.004166667E0,9.157898768E-2,-1.523030691E-1
1.008333333E0,9.087515793E-2,-1.528793287E-1
1.012500000E0,9.040682045E-2,-1.532657215E-1
1.016666667E0,9.005452590E-2,-1.533617496E-1
1.020833333E0,8.938717544E-2,-1.537658821E-1
1.025000000E0,8.884766634E-2,-1.542204557E-1
1.029166667E0,8.853112820E-2,-1.543600228E-1
1.033333333E0,8.809624423E-2,-1.546228053E-1
1.037500000E0,8.759717154E-2,-1.550093313E-1
1.041666667E0,8.717170518E-2,-1.552511083E-1
1.045833333E0,8.691814826E-2,-1.554656369E-1
1.050000000E0,8.641693996E-2,-1.557330877E-1
1.054166667E0,8.615233311E-2,-1.558278714E-1
1.058333333E0,8.570072943E-2,-1.560860531E-1
1.062500000E0,8.548233939E-2,-1.563483716E-1
1.066666667E0,8.518072140E-2,-1.564570646E-1
1.070833333E0,8.484817557E-2,-1.567215748E-1
1.075000000E0,8.454082307E-2,-1.568367196E-1
1.079166667E0,8.426115081E-2,-1.570657734E-1
1.083333333E0,8.411292244E-2,-1.571607906E-1
1.087500000E0,8.384991052E-2,-1.572073604E-1
1.091666667E0,8.355107776E-2,-1.573040962E-1
1.095833333E0,8.343370353E-2,-1.574588188E-1
1.100000000E0,8.316642475E-2,-1.577242362E-1
1.104166667E0,8.317285321E-2,-1.577565546E-1
1.108333333E0,8.305509016E-2,-1.577361169E-1
1.112500000E0,8.285854594E-2,-1.578361095E-1
1.116666667E0,8.283447247E-2,-1.578807208E-1
1.120833333E0,8.281578449E-2,-1.577800653E-1
1.125000000E0,8.270879765E-2,-1.578164706E-1
1.129166667E0,8.278741874E-2,-1.578713323E-1
1.133333333E0,8.284662851E-2,-1.578005119E-1
1.137500000E0,8.277659101E-2,-1.577895250E-1
1.141666667E0,8.273447317E-2,-1.578198526E-1
1.145833333E0,8.284098975E-2,-1.577870421E-1
1.150000000E0,8.285595551E-2,-1.577089798E-1
1.154166667E0,8.281055869E-2,-1.577610261E-1
1.158333333E0,8.305863530E-2,-1.577305125E-1
1.162500000E0,8.333428720E-2,-1.574397337E-1
1.166666667E0,8.328097531E-2,-1.574869030E-1
1.170833333E0,8.339733394E-2,-1.574481901E-1
1.175000000E0,8.387610215E-2,-1.571849518E-1
1.179166667E0,8.379905090E-2,-1.571206427E-1
1.183333333E0,8.390024920E-2,-1.571143316E-1
1.187500000E0,8.439540402E-2,-1.568332800E-1
1.191666667E0,8.444615488E-2,-1.567059375E-1
1.195833333E0,8.448809984E-2,-1.567275213E-1
1.200000000E0,8.504820544E-2,-1.564234504E-1
1.204166667E0,8.517295207E-2,-1.562442377E-1
1.208333333E0,8.518170096E-2,-1.563487046E-1
1.212500000E0,8.571472958E-2,-1.560472487E-1
1.216666667E0,8.609132432E-2,-1.558468354E-1
1.220833333E0,8.620885312E-2,-1.557503747E-1
1.225000000E0,8.653373741E-2,-1.556733702E-1
1.229166667E0,8.712199077E-2,-1.551568668E-1
1.233333333E0,8.718630941E-2,-1.550788127E-1
1.237500000E0,8.742886516E-2,-1.550326323E-1
1.241666667E0,8.789886054E-2,-1.546661234E-1
1.245833333E0,8.819279359E-2,-1.543969337E-1
1.250000000E0,8.848116144E-2,-1.543684307E-1
1.254166667E0,8.881973715E-2,-1.542250248E-1
1.258333333E0,8.920316007E-2,-1.538173343E-1
1.262500000E0,8.938537923E-2,-1.537386098E-1
1.266666667E0,8.964755485E-2,-1.536610498E-1
1.270833333E0,8.994585236E-2,-1.533154279E-1
1.275000000E0,9.024042073E-2,-1.530924370E-1
1.279166667E0,9.059431730E-2,-1.530238742E-1
1.283333333E0,9.096021706E-2,-1.527660396E-1
1.287500000E0,9.116592356E-2,-1.525570202E-1
1.291666667E0,9.136864278E-2,-1.525676032E-1
1.295833333E0,9.171594107E-2,-1.523588193E-1
1.300000000E0,9.193913465E-2,-1.519957436E-1
1.304166667E0,9.208902742E-2,-1.519478705E-1
1.308333333E0,9.242877960E-2,-1.517723572E-1
1.312500000E0,9.264555302E-2,-1.515230042E-1
1.316666667E0,9.294028273E-2,-1.513553495E-1
1.320833333E0,9.313369873E-2,-1.513084443E-1
1.325000000E0,9.334899494E-2,-1.511278923E-1
1.329166667E0,9.360689550E-2,-1.509474047E-1
1.333333333E0,9.367327714E-2,-1.508970115E-1
1.337500000E0,9.401183577E-2,-1.506966980E-1
1.341666667E0,9.411846584E-2,-1.505586456E-1
1.345833333E0,9.422896471E-2,-1.505259814E-1
1.350000000E0,9.434415493E-2,-1.504605450E-1
1.354166667E0,9.470418807E-2,-1.502785781E-1
1.358333333E0,9.473239121E-2,-1.502571369E-1
1.362500000E0,9.475230401E-2,-1.502764051E-1
1.366666667E0,9.506366626E-2,-1.500374111E-1
1.370833333E0,9.511589998E-2,-1.499375560E-1
1.375000000E0,9.504704791E-2,-1.499748218E-1
1.379166667E0,9.527286277E-2,-1.498965216E-1
1.383333333E0,9.545184269E-2,-1.497198700E-1
1.387500000E0,9.541622792E-2,-1.496506166E-1
1.391666667E0,9.545309715E-2,-1.496566611E-1
1.395833333E0,9.559634504E-2,-1.496165087E-1
1.400000000E0,9.555310013E-2,-1.495672326E-1
1.404166667E0,9.564716892E-2,-1.495877208E-1
1.408333333E0,9.567128126E-2,-1.495969658E-1
1.412500000E0,9.567877518E-2,-1.495926155E-1
1.416666667E0,9.568050270E-2,-1.495984994E-1
1.420833333E0,9.567987124E-2,-1.495919454E-1
1.425000000E0,9.566994568E-2,-1.496057834E-1
1.429166667E0,9.565638060E-2,-1.496388913E-1
1.433333333E0,9.566237184E-2,-1.496120502E-1
1.437500000E0,9.563139530E-2,-1.496177965E-1
1.441666667E0,9.546772113E-2,-1.497244490E-1
1.445833333E0,9.544928989E-2,-1.497261676E-1
1.450000000E0,9.537824452E-2,-1.496693536E-1
1.454166667E0,9.517042344E-2,-1.499268856E-1
1.458333333E0,9.505389114E-2,-1.499807652E-1
1.462500000E0,9.497245986E-2,-1.499432536E-1
1.466666667E0,9.476734915E-2,-1.502442035E-1
1.470833333E0,9.453919919E-2,-1.502752895E-1
1.475000000E0,9.460362946E-2,-1.503035097E-1
1.479166667E0,9.435451504E-2,-1.503249187E-1
1.483333333E0,9.416656221E-2,-1.505997669E-1
1.487500000E0,9.407472002E-2,-1.506253581E-1
1.491666667E0,9.396425960E-2,-1.506425379E-1
1.495833333E0,9.356466113E-2,-1.509947827E-1
1.500000000E0,9.356097429E-2,-1.510032936E-1
1.504166667E0,9.349442632E-2,-1.510052229E-1
1.508333333E0,9.299073753E-2,-1.513000954E-1
1.512500000E0,9.284305277E-2,-1.514772437E-1
1.516666667E0,9.291456900E-2,-1.513710845E-1
1.520833333E0,9.246702282E-2,-1.516448455E-1
1.525000000E0,9.215323629E-2,-1.519488997E-1
1.529166667E0,9.227314763E-2,-1.519674240E-1
1.533333333E0,9.199298160E-2,-1.520031400E-1
1.537500000E0,9.153399630E-2,-1.524329639E-1
1.541666667E0,9.154817277E-2,-1.523734189E-1
1.545833333E0,9.142849081E-2,-1.523460558E-1
1.550000000E0,9.086390868E-2,-1.526551353E-1
1.554166667E0,9.087411733E-2,-1.529329194E-1
1.558333333E0,9.089674649E-2,-1.529122528E-1
1.562500000E0,9.039401791E-2,-1.530253588E-1
1.566666667E0,9.019239076E-2,-1.533734908E-1
1.570833333E0,9.027729528E-2,-1.533234527E-1
1.575000000E0,8.992201196E-2,-1.533813207E-1
1.579166667E0,8.958796482E-2,-1.536921214E-1
1.583333333E0,8.958520813E-2,-1.536989535E-1
1.587500000E0,8.946096146E-2,-1.536643982E-1
1.591666667E0,8.891789403E-2,-1.539371115E-1
1.595833333E0,8.896248946E-2,-1.540626274E-1
1.600000000E0,8.892602688E-2,-1.540195056E-1
1.604166667E0,8.851309167E-2,-1.542749446E-1
1.608333333E0,8.841356798E-2,-1.544421197E-1
1.612500000E0,8.855225633E-2,-1.543628616E-1
1.616666667E0,8.826275307E-2,-1.544107827E-1
1.620833333E0,8.807572884E-2,-1.547149201E-1
1.625000000E0,8.811013502E-2,-1.546856748E-1
1.629166667E0,8.807072019E-2,-1.546723270E-1
1.633333333E0,8.765175140E-2,-1.549763044E-1
1.637500000E0,8.776273603E-2,-1.550074886E-1
1.641666667E0,8.782617498E-2,-1.547655925E-1
1.645833333E0,8.752550295E-2,-1.550693719E-1
1.650000000E0,8.756353080E-2,-1.550818380E-1
1.654166667E0,8.758613841E-2,-1.549938974E-1
1.658333333E0,8.739251622E-2,-1.550431143E-1
1.662500000E0,8.725605677E-2,-1.553087790E-1
1.666666667E0,8.744369612E-2,-1.551361675E-1
1.670833333E0,8.747157849E-2,-1.550797591E-1
1.675000000E0,8.730535317E-2,-1.553303011E-1
1.679166667E0,8.727321784E-2,-1.552827600E-1
1.683333333E0,8.720153682E-2,-1.552379109E-1
1.687500000E0,8.718584581E-2,-1.553518602E-1
1.691666667E0,8.723854868E-2,-1.553618307E-1
1.695833333E0,8.727999124E-2,-1.553620808E-1
1.700000000E0,8.729209901E-2,-1.553631325E-1
1.704166667E0,8.728244251E-2,-1.553833321E-1
1.708333333E0,8.729237327E-2,-1.553611633E-1
1.712500000E0,8.723676266E-2,-1.553516142E-1
1.716666667E0,8.741789147E-2,-1.552614839E-1
1.720833333E0,8.762708866E-2,-1.550850534E-1
1.725000000E0,8.759320723E-2,-1.551136373E-1
1.729166667E0,8.777694400E-2,-1.550795063E-1
1.733333333E0,8.785237425E-2,-1.548764205E-1
1.737500000E0,8.785086708E-2,-1.549034141E-1
1.741666667E0,8.789131032E-2,-1.550060022E-1
1.745833333E0,8.819388424E-2,-1.549873021E-1
1.750000000E0,8.823753665E-2,-1.548805124E-1
1.754166667E0,8.836702241E-2,-1.548244797E-1
1.758333333E0,8.850329217E-2,-1.547011979E-1
1.762500000E0,8.861073676E-2,-1.546846515E-1
1.766666667E0,8.884278792E-2,-1.545127299E-1
1.770833333E0,8.897715121E-2,-1.543795561E-1
1.775000000E0,8.899966149E-2,-1.543573342E-1
1.779166667E0,8.904931579E-2,-1.543585837E-1
1.783333333E0,8.924460104E-2,-1.542217399E-1
1.787500000E0,8.954131990E-2,-1.540655909E-1
1.791666667E0,8.958514512E-2,-1.540551659E-1
1.795833333E0,8.967855715E-2,-1.540110924E-1
1.800000000E0,8.999155033E-2,-1.537728148E-1
1.804166667E0,8.999707791E-2,-1.536518867E-1
1.808333333E0,9.016780515E-2,-1.536291521E-1
1.812500000E0,9.030286878E-2,-1.536608647E-1
1.816666667E0,9.056620493E-2,-1.533852370E-1
1.820833333E0,9.061167793E-2,-1.533428422E-1
1.825000000E0,9.068206166E-2,-1.533673662E-1
1.829166667E0,9.095438059E-2,-1.531532443E-1
1.833333333E0,9.107440780E-2,-1.529928592E-1
1.837500000E0,9.102815853E-2,-1.530332799E-1
1.841666667E0,9.131736601E-2,-1.529903803E-1
1.845833333E0,9.160024627E-2,-1.526863716E-1
1.850000000E0,9.157073497E-2,-1.526683999E-1
1.854166667E0,9.161945546E-2,-1.526818784E-1
1.858333333E0,9.196140459E-2,-1.524167440E-1
1.862500000E0,9.194948852E-2,-1.523615803E-1
1.866666667E0,9.198661597E-2,-1.524169104E-1
1.870833333E0,9.234475067E-2,-1.521047340E-1
1.875000000E0,9.237221053E-2,-1.520336232E-1
1.879166667E0,9.221540758E-2,-1.522459795E-1
1.883333333E0,9.259139451E-2,-1.519781422E-1
1.887500000E0,9.265362506E-2,-1.518485968E-1
1.891666667E0,9.253081491E-2,-1.520307260E-1
1.895833333E0,9.275076806E-2,-1.520013168E-1
1.900000000E0,9.304048877E-2,-1.516127333E-1
1.904166667E0,9.269631069E-2,-1.519607359E-1
1.908333333E0,9.277451065E-2,-1.519913917E-1
1.912500000E0,9.311854784E-2,-1.516225770E-1
1.916666667E0,9.294730014E-2,-1.516808140E-1
1.920833333E0,9.271603044E-2,-1.520137517E-1
1.925000000E0,9.313552314E-2,-1.516377528E-1
1.929166667E0,9.297880126E-2,-1.516052928E-1
1.933333333E0,9.272159586E-2,-1.519708508E-1
1.937500000E0,9.306379283E-2,-1.517748031E-1
1.941666667E0,9.303628943E-2,-1.514784225E-1
1.945833333E0,9.262343417E-2,-1.519166979E-1
1.950000000E0,9.278557010E-2,-1.519402298E-1
1.954166667E0,9.310703170E-2,-1.516040677E-1
1.958333333E0,9.254139243E-2,-1.519384457E-1
1.962500000E0,9.270851406E-2,-1.520616677E-1
1.966666667E0,9.301049360E-2,-1.516741441E-1
1.970833333E0,9.268674922E-2,-1.516971567E-1
1.975000000E0,9.239099761E-2,-1.521593914E-1
1.979166667E0,9.273464585E-2,-1.519398584E-1
1.983333333E0,9.262355660E-2,-1.517789521E-1
1.987500000E0,9.213799247E-2,-1.523184798E-1
1.991666667E0,9.241126515E-2,-1.522030972E-1
1.995833333E0,9.240041988E-2,-1.519574854E-1
2.000000000E0,9.188301812E-2,-1.523989732E-1
2.004166667E0,9.202879905E-2,-1.523915571E-1
2.008333333E0,9.207056127E-2,-1.521786076E-1
2.012500000E0,9.162334637E-2,-1.523739318E-1
2.016666667E0,9.171973278E-2,-1.526289989E-1
2.020833333E0,9.190653870E-2,-1.523814705E-1
2.025000000E0,9.165165284E-2,-1.524523719E-1
2.029166667E0,9.131596940E-2,-1.528829998E-1
2.033333333E0,9.135869191E-2,-1.529057200E-1
2.037500000E0,9.125061100E-2,-1.528644121E-1
2.041666667E0,9.092337496E-2,-1.530500406E-1
2.045833333E0,9.106327718E-2,-1.530423496E-1
2.050000000E0,9.091267004E-2,-1.530110193E-1
2.054166667E0,9.062781986E-2,-1.530858453E-1
2.058333333E0,9.064242905E-2,-1.532572246E-1
2.062500000E0,9.058166127E-2,-1.533180377E-1
2.066666667E0,9.027577168E-2,-1.533816484E-1
2.070833333E0,9.032408957E-2,-1.534539767E-1
2.075000000E0,9.020807083E-2,-1.535771556E-1
2.079166667E0,8.997130265E-2,-1.537021805E-1
2.083333333E0,8.996951834E-2,-1.536987792E-1
2.087500000E0,8.992684418E-2,-1.536905829E-1
2.091666667E0,8.957371962E-2,-1.539925358E-1
2.095833333E0,8.956792381E-2,-1.540057971E-1
2.100000000E0,8.964746300E-2,-1.539680685E-1
2.104166667E0,8.927190195E-2,-1.541177181E-1
2.108333333E0,8.921753263E-2,-1.542214206E-1
2.112500000E0,8.923868322E-2,-1.542881203E-1
2.116666667E0,8.899707333E-2,-1.543595764E-1
2.120833333E0,8.888276942E-2,-1.543916870E-1
2.125000000E0,8.895694658E-2,-1.543902548E-1
2.129166667E0,8.883669282E-2,-1.544233800E-1
2.133333333E0,8.870755561E-2,-1.544771303E-1
2.137500000E0,8.882925936E-2,-1.544465183E-1
2.141666667E0,8.876287136E-2,-1.544108299E-1
2.145833333E0,8.841471890E-2,-1.546642163E-1
2.150000000E0,8.852876298E-2,-1.546416888E-1
2.154166667E0,8.857176701E-2,-1.546221082E-1
2.158333333E0,8.846340202E-2,-1.547397866E-1
2.162500000E0,8.854550945E-2,-1.547540972E-1
2.166666667E0,8.851976453E-2,-1.547271103E-1
2.170833333E0,8.845054408E-2,-1.547252216E-1
2.175000000E0,8.850011314E-2,-1.547436734E-1
2.179166667E0,8.848395152E-2,-1.547785565E-1
2.183333333E0,8.846030613E-2,-1.547291259E-1
2.187500000E0,8.854631419E-2,-1.547379035E-1
2.191666667E0,8.851925822E-2,-1.547525343E-1
2.195833333E0,8.853546760E-2,-1.547765584E-1
2.200000000E0,8.854893987E-2,-1.546509729E-1
2.204166667E0,8.846969818E-2,-1.547343562E-1
2.208333333E0,8.854700334E-2,-1.548179054E-1
2.212500000E0,8.859519993E-2,-1.546717958E-1
2.216666667E0,8.853433060E-2,-1.546708618E-1
2.220833333E0,8.852791197E-2,-1.548075927E-1
2.225000000E0,8.868981272E-2,-1.546855280E-1
2.229166667E0,8.865600694E-2,-1.546808426E-1
2.233333333E0,8.852793672E-2,-1.547530701E-1
2.237500000E0,8.871745722E-2,-1.547065683E-1
2.241666667E0,8.899320060E-2,-1.543738695E-1
2.245833333E0,8.853341416E-2,-1.546895749E-1
2.250000000E0,8.869837534E-2,-1.547241203E-1
2.254166667E0,8.926300993E-2,-1.541079658E-1
2.258333333E0,8.869512407E-2,-1.544305419E-1
2.262500000E0,8.877191678E-2,-1.546206825E-1
2.266666667E0,8.934376718E-2,-1.540829309E-1
2.270833333E0,8.922391845E-2,-1.540548924E-1
2.275000000E0,8.906815832E-2,-1.544949936E-1
2.279166667E0,8.955972327E-2,-1.540211595E-1
2.283333333E0,8.945747568E-2,-1.538609757E-1
2.287500000E0,8.913057508E-2,-1.543739038E-1
2.291666667E0,8.976184498E-2,-1.541034506E-1
2.295833333E0,8.994120062E-2,-1.535284715E-1
2.300000000E0,8.930685102E-2,-1.540527533E-1
2.304166667E0,8.980278921E-2,-1.540635989E-1
2.308333333E0,9.025888917E-2,-1.534260137E-1
2.312500000E0,8.973923641E-2,-1.536375175E-1
2.316666667E0,8.973082698E-2,-1.540351178E-1
2.320833333E0,9.037207437E-2,-1.534052027E-1
2.325000000E0,9.023703821E-2,-1.533128059E-1
2.329166667E0,9.004409072E-2,-1.537954988E-1
2.333333333E0,9.059817933E-2,-1.533751500E-1
2.337500000E0,9.062555799E-2,-1.530602066E-1
2.341666667E0,9.025708635E-2,-1.533848219E-1
2.345833333E0,9.070988482E-2,-1.533646886E-1
2.350000000E0,9.094346117E-2,-1.528636770E-1
2.354166667E0,9.065365407E-2,-1.531183646E-1
2.358333333E0,9.085114072E-2,-1.532798846E-1
2.362500000E0,9.128038218E-2,-1.527628435E-1
2.366666667E0,9.099947322E-2,-1.527583769E-1
2.370833333E0,9.098079065E-2,-1.530616503E-1
2.375000000E0,9.150905838E-2,-1.526860654E-1
2.379166667E0,9.127153561E-2,-1.525801892E-1
2.383333333E0,9.123183890E-2,-1.529316170E-1
2.387500000E0,9.160370353E-2,-1.526923237E-1
2.391666667E0,9.160164699E-2,-1.524874611E-1
2.395833333E0,9.137824010E-2,-1.526755871E-1
2.400000000E0,9.164945614E-2,-1.526626960E-1
2.404166667E0,9.185793180E-2,-1.523774214E-1
2.408333333E0,9.165540907E-2,-1.523795850E-1
2.412500000E0,9.162690060E-2,-1.525816355E-1
2.416666667E0,9.190045315E-2,-1.523416237E-1
2.420833333E0,9.177207785E-2,-1.523726405E-1
2.425000000E0,9.179384189E-2,-1.524664797E-1
2.429166667E0,9.188024102E-2,-1.523874553E-1
2.433333333E0,9.181931010E-2,-1.523362754E-1
2.437500000E0,9.181840688E-2,-1.522693660E-1
2.441666667E0,9.199855911E-2,-1.523315980E-1
2.445833333E0,9.182626641E-2,-1.523271433E-1
2.450000000E0,9.196377092E-2,-1.523254089E-1
2.454166667E0,9.202101440E-2,-1.522904210E-1
2.458333333E0,9.183515642E-2,-1.523760304E-1
2.462500000E0,9.188116873E-2,-1.523680301E-1
2.466666667E0,9.198094564E-2,-1.522842130E-1
2.470833333E0,9.187627792E-2,-1.523222800E-1
2.475000000E0,9.172445177E-2,-1.525509128E-1
2.479166667E0,9.201589445E-2,-1.523838969E-1
2.483333333E0,9.190311351E-2,-1.523257912E-1
2.487500000E0,9.161122198E-2,-1.525817120E-1
2.491666667E0,9.192449801E-2,-1.524598434E-1
2.495833333E0,9.190173097E-2,-1.523681543E-1
2.500000000E0,9.160662667E-2,-1.525889405E-1
2.504166667E0,9.169049309E-2,-1.525921172E-1
2.508333333E0,9.165374730E-2,-1.526183648E-1
2.512500000E0,9.144724572E-2,-1.527109744E-1
2.516666667E0,9.148583576E-2,-1.526746304E-1
2.520833333E0,9.155569745E-2,-1.526678894E-1
2.525000000E0,9.138281371E-2,-1.528034377E-1
2.529166667E0,9.121959734E-2,-1.529032643E-1
2.533333333E0,9.126789499E-2,-1.529746334E-1
2.537500000E0,9.114592215E-2,-1.529253174E-1
2.541666667E0,9.110899595E-2,-1.530191991E-1
2.545833333E0,9.104327432E-2,-1.530999843E-1
2.550000000E0,9.096974833E-2,-1.530694129E-1
2.554166667E0,9.094563200E-2,-1.530113762E-1
2.558333333E0,9.084964345E-2,-1.530778694E-1
2.562500000E0,9.064119139E-2,-1.533171889E-1
2.566666667E0,9.072096690E-2,-1.530625481E-1
2.570833333E0,9.062938960E-2,-1.530558812E-1
2.575000000E0,9.029034747E-2,-1.536339582E-1
2.579166667E0,9.036203562E-2,-1.533567798E-1
2.583333333E0,9.029714416E-2,-1.533434236E-1
2.587500000E0,8.992860630E-2,-1.536647069E-1
2.591666667E0,9.024216732E-2,-1.536661579E-1
2.595833333E0,9.017318528E-2,-1.532881925E-1
2.600000000E0,8.978152006E-2,-1.537014755E-1
2.604166667E0,8.987005243E-2,-1.538366475E-1
2.608333333E0,9.024149858E-2,-1.534144917E-1
2.612500000E0,8.971183192E-2,-1.537142447E-1
2.616666667E0,8.956155047E-2,-1.540034374E-1
2.620833333E0,8.989943363E-2,-1.536704050E-1
2.625000000E0,8.963968032E-2,-1.537180492E-1
2.629166667E0,8.921347046E-2,-1.541574894E-1
2.633333333E0,8.977025812E-2,-1.537331897E-1
2.637500000E0,8.962481138E-2,-1.537020281E-1
2.641666667E0,8.906926135E-2,-1.542976759E-1
2.645833333E0,8.945354191E-2,-1.541110933E-1
2.650000000E0,8.960347182E-2,-1.537168142E-1
2.654166667E0,8.900941665E-2,-1.542467057E-1
2.658333333E0,8.898210774E-2,-1.543654491E-1
2.662500000E0,8.953175018E-2,-1.537657557E-1
2.666666667E0,8.895027814E-2,-1.540722132E-1
2.670833333E0,8.887556712E-2,-1.544079306E-1
2.675000000E0,8.937412790E-2,-1.540085621E-1
2.679166667E0,8.893370817E-2,-1.540180072E-1
2.683333333E0,8.864287494E-2,-1.544618207E-1
2.687500000E0,8.914914843E-2,-1.541468396E-1
2.691666667E0,8.903506987E-2,-1.540003630E-1
2.695833333E0,8.859928171E-2,-1.543436568E-1
2.700000000E0,8.888465796E-2,-1.543678268E-1
2.704166667E0,8.904478818E-2,-1.540197390E-1
2.708333333E0,8.862414392E-2,-1.542936563E-1
2.712500000E0,8.885831918E-2,-1.543740307E-1
2.716666667E0,8.918531620E-2,-1.540398330E-1
2.720833333E0,8.888547200E-2,-1.540265158E-1
2.725000000E0,8.882813214E-2,-1.543589495E-1
2.729166667E0,8.931251348E-2,-1.541301747E-1
2.733333333E0,8.909837499E-2,-1.539536541E-1
2.737500000E0,8.883609886E-2,-1.543747610E-1
2.741666667E0,8.927271352E-2,-1.541019001E-1
2.745833333E0,8.925422270E-2,-1.538950957E-1
2.750000000E0,8.897318567E-2,-1.540986266E-1
2.754166667E0,8.927558131E-2,-1.540815157E-1
2.758333333E0,8.955176089E-2,-1.537481896E-1
2.762500000E0,8.931815714E-2,-1.538000031E-1
2.766666667E0,8.931863523E-2,-1.541045213E-1
2.770833333E0,8.956725108E-2,-1.537079948E-1
2.775000000E0,8.954958717E-2,-1.536825425E-1
2.779166667E0,8.956157025E-2,-1.537719972E-1
2.783333333E0,8.978399869E-2,-1.536888240E-1
2.787500000E0,8.967707197E-2,-1.536573453E-1
2.791666667E0,8.966116192E-2,-1.536944128E-1
2.795833333E0,8.973359691E-2,-1.536927733E-1
2.800000000E0,8.979174671E-2,-1.536385857E-1
2.804166667E0,8.988367087E-2,-1.536031781E-1
2.808333333E0,8.991106138E-2,-1.536170271E-1
2.812500000E0,8.990113715E-2,-1.536347944E-1
2.816666667E0,8.996667428E-2,-1.534926625E-1
2.820833333E0,9.005534621E-2,-1.533874241E-1
2.825000000E0,9.002180734E-2,-1.535632103E-1
2.829166667E0,9.013100821E-2,-1.534171958E-1
2.833333333E0,9.053074393E-2,-1.531082919E-1
2.837500000E0,9.028066174E-2,-1.532770390E-1
2.841666667E0,9.033590319E-2,-1.533805061E-1
2.845833333E0,9.056369233E-2,-1.532031121E-1
2.850000000E0,9.061395253E-2,-1.530553274E-1
2.854166667E0,9.057541029E-2,-1.531555325E-1
2.858333333E0,9.072072313E-2,-1.531031427E-1
2.862500000E0,9.076653676E-2,-1.529889188E-1
2.866666667E0,9.062788325E-2,-1.530017548E-1
2.870833333E0,9.067705552E-2,-1.529899677E-1
2.875000000E0,9.074530899E-2,-1.529643730E-1
2.879166667E0,9.067311301E-2,-1.529812636E-1
2.883333333E0,9.064344887E-2,-1.529953682E-1
2.887500000E0,9.084918983E-2,-1.529231560E-1
2.891666667E0,9.086489946E-2,-1.529832883E-1
2.895833333E0,9.084103831E-2,-1.529055105E-1
2.900000000E0,9.095756315E-2,-1.529355205E-1
2.904166667E0,9.095124465E-2,-1.529368985E-1
2.908333333E0,9.095276577E-2,-1.529603026E-1
2.912500000E0,9.096709842E-2,-1.529830715E-1
2.916666667E0,9.097874980E-2,-1.529987854E-1
2.920833333E0,9.099463848E-2,-1.529467004E-1
2.925000000E0,9.099497343E-2,-1.529953136E-1
2.929166667E0,9.093304027E-2,-1.530538807E-1
2.933333333E0,9.119559230E-2,-1.527324444E-1
2.937500000E0,9.112806381E-2,-1.526349283E-1
2.941666667E0,9.097107443E-2,-1.530676950E-1
2.945833333E0,9.102531813E-2,-1.529659639E-1
2.950000000E0,9.127362530E-2,-1.526793431E-1
2.954166667E0,9.097195737E-2,-1.530068332E-1
2.958333333E0,9.098494495E-2,-1.530310731E-1
2.962500000E0,9.130782671E-2,-1.526293815E-1
2.966666667E0,9.102619049E-2,-1.528121128E-1
2.970833333E0,9.091583014E-2,-1.530457205E-1
2.975000000E0,9.137964078E-2,-1.527166469E-1
2.979166667E0,9.109257724E-2,-1.527045059E-1
2.983333333E0,9.059552679E-2,-1.532591246E-1
2.987500000E0,9.110766717E-2,-1.529244542E-1
2.991666667E0,9.118870927E-2,-1.527027915E-1
2.995833333E0,9.056167454E-2,-1.531367406E-1
3.000000000E0,9.090529660E-2,-1.530707946E-1
3.004166667E0,9.105620547E-2,-1.527034075E-1
3.008333333E0,9.047923502E-2,-1.530511629E-1
3.012500000E0,9.063157595E-2,-1.531052219E-1
3.016666667E0,9.112110587E-2,-1.526686704E-1
3.020833333E0,9.049609857E-2,-1.529801624E-1
3.025000000E0,9.052281487E-2,-1.534087191E-1
3.029166667E0,9.094934424E-2,-1.529931736E-1
3.033333333E0,9.055642489E-2,-1.528700274E-1
3.037500000E0,9.026837901E-2,-1.534457540E-1
3.041666667E0,9.064597273E-2,-1.531967355E-1
3.045833333E0,9.061926854E-2,-1.530116384E-1
3.050000000E0,8.990408906E-2,-1.536286880E-1
3.054166667E0,9.023721512E-2,-1.535228489E-1
3.058333333E0,9.060001409E-2,-1.530476049E-1
3.062500000E0,8.990751578E-2,-1.535453847E-1
3.066666667E0,9.000602456E-2,-1.537597971E-1
3.070833333E0,9.034540553E-2,-1.533362524E-1
3.075000000E0,8.992252001E-2,-1.534373270E-1
3.079166667E0,8.960576075E-2,-1.540047176E-1
3.083333333E0,9.025078520E-2,-1.534693177E-1
3.087500000E0,8.992934931E-2,-1.533505834E-1
3.091666667E0,8.940282659E-2,-1.540116228E-1
3.095833333E0,8.989748726E-2,-1.538399552E-1
3.100000000E0,8.991147043E-2,-1.534144016E-1
3.104166667E0,8.927320402E-2,-1.539522190E-1
3.108333333E0,8.958403349E-2,-1.540019367E-1
3.112500000E0,8.984580186E-2,-1.535107578E-1
3.116666667E0,8.930500276E-2,-1.537708486E-1
3.120833333E0,8.936471695E-2,-1.540048416E-1
3.125000000E0,8.961874886E-2,-1.536971110E-1
3.129166667E0,8.930398427E-2,-1.538282344E-1
3.133333333E0,8.916417935E-2,-1.540562561E-1
3.137500000E0,8.941627026E-2,-1.539738634E-1
3.141666667E0,8.925707292E-2,-1.538070262E-1
3.145833333E0,8.907681107E-2,-1.540120094E-1
3.150000000E0,8.923645653E-2,-1.540665258E-1
3.154166667E0,8.916314443E-2,-1.539590321E-1
3.158333333E0,8.893682713E-2,-1.540431149E-1
3.162500000E0,8.914092165E-2,-1.541139087E-1
3.166666667E0,8.916248100E-2,-1.540385201E-1
3.170833333E0,8.908913980E-2,-1.539728933E-1
3.175000000E0,8.919477710E-2,-1.540511141E-1
3.179166667E0,8.921238907E-2,-1.540651978E-1
3.183333333E0,8.918465955E-2,-1.540371207E-1
3.187500000E0,8.918388900E-2,-1.539771799E-1
3.191666667E0,8.919564319E-2,-1.540867270E-1
3.195833333E0,8.915385974E-2,-1.540422149E-1
3.200000000E0,8.925645405E-2,-1.539888399E-1
3.204166667E0,8.922332945E-2,-1.540252516E-1
3.208333333E0,8.918714431E-2,-1.540552469E-1
3.212500000E0,8.925553869E-2,-1.540004000E-1
3.216666667E0,8.925467533E-2,-1.540000815E-1
3.220833333E0,8.923228793E-2,-1.540386436E-1
3.225000000E0,8.925420348E-2,-1.540349550E-1
3.229166667E0,8.932312067E-2,-1.539756514E-1
3.233333333E0,8.926428728E-2,-1.540316044E-1
3.237500000E0,8.926530719E-2,-1.540312933E-1
3.241666667E0,8.932280028E-2,-1.540339685E-1
3.245833333E0,8.930319652E-2,-1.540257378E-1
3.250000000E0,8.929664061E-2,-1.540218615E-1
3.254166667E0,8.935747624E-2,-1.540136578E-1
3.258333333E0,8.935898609E-2,-1.540058289E-1
3.262500000E0,8.930477270E-2,-1.540093707E-1
3.266666667E0,8.933577057E-2,-1.540027050E-1
3.270833333E0,8.932598186E-2,-1.539833267E-1
3.275000000E0,8.931746953E-2,-1.539709236E-1
3.279166667E0,8.930196791E-2,-1.539975487E-1
3.283333333E0,8.935225618E-2,-1.539772994E-1
3.287500000E0,8.934602843E-2,-1.539667512E-1
3.291666667E0,8.933469175E-2,-1.539711411E-1
3.295833333E0,8.933030144E-2,-1.540281839E-1
3.300000000E0,8.964611082E-2,-1.537987728E-1
3.304166667E0,8.962426174E-2,-1.537016898E-1
3.308333333E0,8.940514915E-2,-1.540248635E-1
3.312500000E0,8.964932703E-2,-1.539326712E-1
3.316666667E0,8.986298127E-2,-1.534532703E-1
3.320833333E0,8.963166839E-2,-1.537249511E-1
3.325000000E0,8.972669489E-2,-1.538524775E-1
3.329166667E0,9.001625133E-2,-1.533485414E-1
3.333333333E0,8.986541307E-2,-1.533786888E-1
3.337500000E0,8.967409122E-2,-1.537182600E-1
3.341666667E0,9.018361900E-2,-1.533497338E-1
3.345833333E0,9.003692123E-2,-1.532837986E-1
3.350000000E0,8.968642528E-2,-1.536688573E-1
3.354166667E0,9.022986365E-2,-1.533662264E-1
3.358333333E0,9.030384025E-2,-1.531026906E-1
3.362500000E0,8.984517093E-2,-1.534657542E-1
3.366666667E0,9.015771842E-2,-1.534042626E-1
3.370833333E0,9.053386233E-2,-1.530333737E-1
3.375000000E0,9.017073438E-2,-1.533012824E-1
3.379166667E0,9.028815967E-2,-1.534003141E-1
3.383333333E0,9.071434299E-2,-1.529686582E-1
3.387500000E0,9.045067928E-2,-1.530290940E-1
3.391666667E0,9.030305010E-2,-1.533663258E-1
3.395833333E0,9.075576484E-2,-1.530667777E-1
3.400000000E0,9.060646436E-2,-1.529563038E-1
3.404166667E0,9.024233642E-2,-1.533836963E-1
3.408333333E0,9.067492582E-2,-1.530688860E-1
3.412500000E0,9.065940901E-2,-1.528858270E-1
3.416666667E0,9.030499508E-2,-1.531299696E-1
3.420833333E0,9.060499027E-2,-1.531520852E-1
3.425000000E0,9.077705858E-2,-1.529332534E-1
3.429166667E0,9.040245610E-2,-1.530294477E-1
3.433333333E0,9.035742085E-2,-1.533120821E-1
3.437500000E0,9.069697143E-2,-1.529995898E-1
3.441666667E0,9.035256276E-2,-1.530226514E-1
3.445833333E0,9.025325169E-2,-1.533571729E-1
3.450000000E0,9.062383671E-2,-1.530503229E-1
3.454166667E0,9.050279648E-2,-1.529938924E-1
3.458333333E0,9.017987627E-2,-1.533375007E-1
3.462500000E0,9.059986836E-2,-1.531545924E-1
3.466666667E0,9.061602094E-2,-1.529155909E-1
3.470833333E0,9.016496007E-2,-1.532830717E-1
3.475000000E0,9.039069712E-2,-1.533071905E-1
3.479166667E0,9.054590027E-2,-1.530203682E-1
3.483333333E0,9.012820914E-2,-1.531617457E-1
3.487500000E0,9.027439993E-2,-1.533273038E-1
3.491666667E0,9.053785367E-2,-1.531036875E-1
3.495833333E0,9.032094397E-2,-1.530979037E-1
3.500000000E0,9.024814316E-2,-1.533291640E-1
3.504166667E0,9.040389846E-2,-1.533267651E-1
3.508333333E0,9.021239507E-2,-1.531846271E-1
3.512500000E0,9.024083168E-2,-1.533698272E-1
3.516666667E0,9.025553599E-2,-1.533703046E-1
3.520833333E0,9.024442483E-2,-1.533448203E-1
3.525000000E0,9.015326888E-2,-1.533465515E-1
3.529166667E0,9.022931444E-2,-1.534417843E-1
3.533333333E0,9.018853142E-2,-1.534058790E-1
3.537500000E0,9.014877778E-2,-1.533583788E-1
3.541666667E0,9.016665385E-2,-1.533833719E-1
3.545833333E0,9.016758576E-2,-1.533593951E-1
3.550000000E0,9.012659837E-2,-1.533290502E-1
3.554166667E0,9.006190528E-2,-1.533649978E-1
3.558333333E0,8.990427146E-2,-1.536847289E-1
3.562500000E0,8.988946249E-2,-1.536387493E-1
3.566666667E0,9.000891313E-2,-1.534292367E-1
3.570833333E0,8.988695099E-2,-1.536020356E-1
3.575000000E0,8.984287199E-2,-1.537218392E-1
3.579166667E0,8.985193587E-2,-1.536680620E-1
3.583333333E0,8.982260382E-2,-1.536596259E-1
3.587500000E0,8.980014478E-2,-1.537253630E-1
3.591666667E0,8.982718175E-2,-1.537130307E-1
3.595833333E0,8.982802480E-2,-1.536430174E-1
3.600000000E0,8.970391111E-2,-1.537663973E-1
3.604166667E0,8.970336947E-2,-1.538322031E-1
3.608333333E0,8.966042645E-2,-1.537522737E-1
3.612500000E0,8.960063889E-2,-1.537308805E-1
3.616666667E0,8.957275789E-2,-1.537267623E-1
3.620833333E0,8.958979981E-2,-1.537137081E-1
3.625000000E0,8.960214463E-2,-1.537150234E-1
3.629166667E0,8.957855918E-2,-1.537777246E-1
3.633333333E0,8.956471533E-2,-1.537156016E-1
3.637500000E0,8.954565080E-2,-1.537211358E-1
3.641666667E0,8.953732797E-2,-1.537261181E-1
3.645833333E0,8.955208106E-2,-1.537149719E-1
3.650000000E0,8.956052879E-2,-1.537121081E-1
3.654166667E0,8.955380917E-2,-1.537049646E-1
3.658333333E0,8.954749352E-2,-1.537060506E-1
3.662500000E0,8.949271017E-2,-1.537907380E-1
3.666666667E0,8.955491719E-2,-1.536795313E-1
3.670833333E0,8.956746045E-2,-1.536823345E-1
3.675000000E0,8.933978619E-2,-1.539560745E-1
3.679166667E0,8.952396521E-2,-1.537300183E-1
3.683333333E0,8.956493372E-2,-1.535996020E-1
3.687500000E0,8.933416746E-2,-1.540006021E-1
3.691666667E0,8.942382413E-2,-1.539832108E-1
3.695833333E0,8.962803003E-2,-1.537014781E-1
3.700000000E0,8.952047557E-2,-1.536976253E-1
3.704166667E0,8.930492999E-2,-1.540086278E-1
3.708333333E0,8.966727539E-2,-1.537097626E-1
3.712500000E0,8.960445035E-2,-1.536982169E-1
3.716666667E0,8.931410550E-2,-1.539700057E-1
3.720833333E0,8.961814878E-2,-1.538359817E-1
3.725000000E0,8.961743599E-2,-1.536361767E-1
3.729166667E0,8.936181480E-2,-1.537414149E-1
3.733333333E0,8.958319026E-2,-1.537240284E-1
3.737500000E0,8.989006616E-2,-1.534617586E-1
3.741666667E0,8.953665886E-2,-1.536587685E-1
3.745833333E0,8.956314109E-2,-1.537658156E-1
3.750000000E0,9.015274925E-2,-1.533950075E-1
3.754166667E0,8.993882954E-2,-1.534249024E-1
3.758333333E0,8.965047138E-2,-1.536932929E-1
3.762500000E0,9.003325227E-2,-1.533703151E-1
3.766666667E0,9.005598153E-2,-1.533606239E-1
3.770833333E0,8.962782930E-2,-1.536579616E-1
3.775000000E0,8.994749134E-2,-1.536482439E-1
3.779166667E0,9.009454216E-2,-1.533095731E-1
3.783333333E0,8.983985282E-2,-1.533913737E-1
3.787500000E0,8.995119401E-2,-1.535081866E-1
3.791666667E0,9.024830837E-2,-1.530624458E-1
3.795833333E0,8.995937684E-2,-1.531375034E-1
3.800000000E0,8.997069538E-2,-1.534131954E-1
3.804166667E0,9.037086230E-2,-1.530596030E-1
3.808333333E0,9.020894902E-2,-1.530152377E-1
3.812500000E0,8.998446557E-2,-1.533736265E-1
3.816666667E0,9.037447884E-2,-1.530776265E-1
3.820833333E0,9.029434603E-2,-1.529686446E-1
3.825000000E0,8.999927582E-2,-1.532903475E-1
3.829166667E0,9.025118135E-2,-1.531826071E-1
3.833333333E0,9.032642339E-2,-1.529299047E-1
3.837500000E0,9.011159438E-2,-1.530068748E-1
3.841666667E0,9.023545047E-2,-1.531602609E-1
3.845833333E0,9.049152492E-2,-1.528820207E-1
3.850000000E0,9.036256300E-2,-1.529524658E-1
3.854166667E0,9.030617436E-2,-1.531077697E-1
3.858333333E0,9.060057312E-2,-1.529253801E-1
3.862500000E0,9.056510916E-2,-1.528328994E-1
3.866666667E0,9.030580394E-2,-1.529974265E-1
3.870833333E0,9.056438551E-2,-1.528911851E-1
3.875000000E0,9.061316233E-2,-1.527726666E-1
3.879166667E0,9.041860178E-2,-1.529634431E-1
3.883333333E0,9.052089901E-2,-1.529765904E-1
3.887500000E0,9.064778588E-2,-1.527905196E-1
3.891666667E0,9.059226482E-2,-1.526788471E-1
3.895833333E0,9.058956356E-2,-1.528042778E-1
3.900000000E0,9.063397170E-2,-1.527238910E-1
3.904166667E0,9.060923118E-2,-1.526911000E-1
3.908333333E0,9.068049301E-2,-1.528136703E-1
3.912500000E0,9.077505247E-2,-1.529003332E-1
3.916666667E0,9.089126431E-2,-1.527049022E-1
3.920833333E0,9.094737801E-2,-1.526754984E-1
3.925000000E0,9.110472904E-2,-1.527675567E-1
3.929166667E0,9.117215045E-2,-1.526875606E-1
3.933333333E0,9.112710553E-2,-1.526731709E-1
3.937500000E0,9.128177378E-2,-1.527766079E-1
3.941666667E0,9.125168265E-2,-1.527491570E-1
3.945833333E0,9.136490837E-2,-1.526045067E-1
3.950000000E0,9.132007311E-2,-1.526497896E-1
3.954166667E0,9.127556833E-2,-1.526964958E-1
3.958333333E0,9.129378924E-2,-1.527016183E-1
3.962500000E0,9.125074349E-2,-1.526963585E-1
3.966666667E0,9.098898514E-2,-1.528696969E-1
3.970833333E0,9.091969465E-2,-1.529855092E-1
3.975000000E0,9.080522383E-2,-1.529794428E-1
3.979166667E0,9.066099664E-2,-1.530196481E-1
3.983333333E0,9.052132890E-2,-1.530352825E-1
3.987500000E0,9.047703792E-2,-1.530708242E-1
3.991666667E0,9.033022045E-2,-1.531606658E-1
3.995833333E0,8.984998890E-2,-1.532971745E-1
4.000000000E0,8.968286096E-2,-1.534072419E-1
4.004166667E0,8.968008271E-2,-1.534067255E-1
4.008333333E0,8.960531540E-2,-1.533791234E-1
