t,x,y
0.000000000E0,2.452056745E-2,2.319711174E-1
3.333333333E-2,2.423629406E-2,2.287274087E-1
6.666666667E-2,2.405441308E-2,2.249667130E-1
1.000000000E-1,2.392041623E-2,2.202773558E-1
1.333333333E-1,2.357940940E-2,2.153593093E-1
1.666666667E-1,2.354642791E-2,2.101527530E-1
2.000000000E-1,2.318826026E-2,2.039978784E-1
2.333333333E-1,2.314759568E-2,1.974986366E-1
2.666666667E-1,2.294886870E-2,1.909798973E-1
3.000000000E-1,2.271342573E-2,1.844838384E-1
3.333333333E-1,2.266183765E-2,1.795328007E-1
3.666666667E-1,2.240623731E-2,1.762528744E-1
4.000000000E-1,2.269859473E-2,1.749034605E-1
4.333333333E-1,2.288389282E-2,1.749481442E-1
4.666666667E-1,2.293965851E-2,1.763798127E-1
5.000000000E-1,2.275169831E-2,1.794530462E-1
5.333333333E-1,2.233338820E-2,1.842218163E-1
5.666666667E-1,2.171120960E-2,1.904634471E-1
6.000000000E-1,2.130801765E-2,1.978422633E-1
6.333333333E-1,2.094343546E-2,2.058130700E-1
6.666666667E-1,2.077277485E-2,2.135855805E-1
7.000000000E-1,2.057931041E-2,2.211970928E-1
7.333333333E-1,2.026148299E-2,2.275432651E-1
7.666666667E-1,2.009630430E-2,2.328522167E-1
8.000000000E-1,2.007989596E-2,2.367591898E-1
8.333333333E-1,2.005622452E-2,2.385948844E-1
8.666666667E-1,2.028941868E-2,2.381916689E-1
9.000000000E-1,2.013270309E-2,2.358960169E-1
9.333333333E-1,1.991215148E-2,2.325191846E-1
9.666666667E-1,1.989700626E-2,2.287005962E-1
1.000000000E0,1.994845855E-2,2.241302992E-1
1.033333333E0,1.980423192E-2,2.190241901E-1
1.066666667E0,1.969601378E-2,2.135048858E-1
1.100000000E0,1.969469487E-2,2.076343046E-1
1.133333333E0,1.969079881E-2,2.010795997E-1
1.166666667E0,1.968536170E-2,1.945251028E-1
1.200000000E0,1.973769577E-2,1.884114269E-1
1.233333333E0,1.986216560E-2,1.832520315E-1
1.266666667E0,1.982343282E-2,1.799873926E-1
1.300000000E0,2.015587169E-2,1.787092938E-1
1.333333333E0,2.040501613E-2,1.787806090E-1
1.366666667E0,2.044349047E-2,1.807030674E-1
1.400000000E0,1.994909359E-2,1.838891391E-1
1.433333333E0,1.941688934E-2,1.887732851E-1
1.466666667E0,1.888313630E-2,1.948121648E-1
1.500000000E0,1.842393219E-2,2.019864579E-1
1.533333333E0,1.783625691E-2,2.093149748E-1
1.566666667E0,1.787060064E-2,2.170530038E-1
1.600000000E0,1.756140094E-2,2.242352525E-1
1.633333333E0,1.730271200E-2,2.296257115E-1
1.666666667E0,1.710626588E-2,2.343386963E-1
1.700000000E0,1.719559856E-2,2.374112161E-1
1.733333333E0,1.713199053E-2,2.389391797E-1
1.766666667E0,1.737735349E-2,2.379398345E-1
1.800000000E0,1.742025088E-2,2.354077851E-1
1.833333333E0,1.733060078E-2,2.317356307E-1
1.866666667E0,1.729006790E-2,2.275282560E-1
1.900000000E0,1.743582563E-2,2.227249151E-1
1.933333333E0,1.740425811E-2,2.171688064E-1
1.966666667E0,1.742587147E-2,2.110567816E-1
2.000000000E0,1.748856905E-2,2.047751292E-1
2.033333333E0,1.747424526E-2,1.979777012E-1
2.066666667E0,1.745397907E-2,1.910859463E-1
2.100000000E0,1.760643395E-2,1.845461533E-1
2.133333333E0,1.772583450E-2,1.796046718E-1
2.166666667E0,1.776419946E-2,1.766235900E-1
2.200000000E0,1.808014502E-2,1.756086847E-1
2.233333333E0,1.829726250E-2,1.761133989E-1
2.266666667E0,1.831424980E-2,1.779909963E-1
2.300000000E0,1.804189037E-2,1.812967065E-1
2.333333333E0,1.731308424E-2,1.864198527E-1
2.366666667E0,1.657660903E-2,1.929760536E-1
2.400000000E0,1.614413150E-2,2.007781218E-1
2.433333333E0,1.570200141E-2,2.088738204E-1
2.466666667E0,1.514050905E-2,2.166018330E-1
2.500000000E0,1.488154459E-2,2.238095432E-1
2.533333333E0,1.448724213E-2,2.294441070E-1
2.566666667E0,1.428975279E-2,2.343423651E-1
2.600000000E0,1.433453196E-2,2.374341957E-1
2.633333333E0,1.434872314E-2,2.389602608E-1
2.666666667E0,1.458839787E-2,2.381763655E-1
2.700000000E0,1.455296067E-2,2.358232040E-1
2.733333333E0,1.464520881E-2,2.323625243E-1
2.766666667E0,1.464262095E-2,2.286571693E-1
2.800000000E0,1.463805159E-2,2.243008558E-1
2.833333333E0,1.502837439E-2,2.196958566E-1
2.866666667E0,1.503766171E-2,2.145148409E-1
2.900000000E0,1.530594765E-2,2.094034226E-1
2.933333333E0,1.537075074E-2,2.035314046E-1
2.966666667E0,1.543006510E-2,1.972959306E-1
3.000000000E0,1.571276226E-2,1.917844155E-1
3.033333333E0,1.592494746E-2,1.873045689E-1
3.066666667E0,1.590753671E-2,1.847014766E-1
3.100000000E0,1.626260885E-2,1.840405872E-1
3.133333333E0,1.674344442E-2,1.843857991E-1
3.166666667E0,1.686917292E-2,1.858324315E-1
3.200000000E0,1.651840510E-2,1.891115865E-1
3.233333333E0,1.604885725E-2,1.940558306E-1
3.266666667E0,1.542294056E-2,2.001835673E-1
3.300000000E0,1.479081929E-2,2.070775495E-1
3.333333333E0,1.449666227E-2,2.143817712E-1
3.366666667E0,1.403486748E-2,2.213583708E-1
3.400000000E0,1.369487098E-2,2.277747413E-1
3.433333333E0,1.351886185E-2,2.329827456E-1
3.466666667E0,1.345941969E-2,2.374173759E-1
3.500000000E0,1.363898065E-2,2.401083702E-1
3.533333333E0,1.362251302E-2,2.411628393E-1
3.566666667E0,1.406430291E-2,2.398649269E-1
3.600000000E0,1.403605169E-2,2.370083423E-1
3.633333333E0,1.435134996E-2,2.335484399E-1
3.666666667E0,1.426046294E-2,2.294339081E-1
3.700000000E0,1.446487837E-2,2.247982671E-1
3.733333333E0,1.469026472E-2,2.196951715E-1
3.766666667E0,1.489734158E-2,2.143668536E-1
3.800000000E0,1.513242198E-2,2.086745385E-1
3.833333333E0,1.511082666E-2,2.022682918E-1
3.866666667E0,1.514206410E-2,1.957863527E-1
3.900000000E0,1.557011859E-2,1.901298491E-1
3.933333333E0,1.559712322E-2,1.856100348E-1
3.966666667E0,1.573209922E-2,1.831514276E-1
4.000000000E0,1.612015320E-2,1.822539090E-1
4.033333333E0,1.636835410E-2,1.826416848E-1
4.066666667E0,1.639765468E-2,1.842023564E-1
4.100000000E0,1.604776510E-2,1.874458112E-1
4.133333333E0,1.555881024E-2,1.925214406E-1
4.166666667E0,1.477668098E-2,1.989515308E-1
4.200000000E0,1.420778052E-2,2.063516343E-1
4.233333333E0,1.368317160E-2,2.138289547E-1
4.266666667E0,1.314432291E-2,2.208440401E-1
4.300000000E0,1.261840855E-2,2.276699865E-1
4.333333333E0,1.238256829E-2,2.329441632E-1
4.366666667E0,1.225059282E-2,2.372302833E-1
4.400000000E0,1.222047887E-2,2.401489330E-1
4.433333333E0,1.218133868E-2,2.412309274E-1
4.466666667E0,1.260092214E-2,2.399921263E-1
4.500000000E0,1.266071708E-2,2.370239098E-1
4.533333333E0,1.278657958E-2,2.332320992E-1
4.566666667E0,1.303495281E-2,2.288183856E-1
4.600000000E0,1.336968271E-2,2.240097582E-1
4.633333333E0,1.349572291E-2,2.187338783E-1
4.666666667E0,1.361024996E-2,2.133232562E-1
4.700000000E0,1.395182586E-2,2.076327750E-1
4.733333333E0,1.407722473E-2,2.012802695E-1
4.766666667E0,1.416432015E-2,1.948924108E-1
4.800000000E0,1.453131229E-2,1.891492711E-1
4.833333333E0,1.486470163E-2,1.849765676E-1
4.866666667E0,1.482365320E-2,1.826193260E-1
4.900000000E0,1.527219506E-2,1.821462617E-1
4.933333333E0,1.579560319E-2,1.826703023E-1
4.966666667E0,1.572049050E-2,1.845282446E-1
5.000000000E0,1.532586999E-2,1.880950745E-1
5.033333333E0,1.464930274E-2,1.931266458E-1
5.066666667E0,1.405332898E-2,1.997520615E-1
5.100000000E0,1.345909899E-2,2.067463395E-1
5.133333333E0,1.320878003E-2,2.140511889E-1
5.166666667E0,1.261255619E-2,2.213020113E-1
5.200000000E0,1.225333024E-2,2.276974191E-1
5.233333333E0,1.197688409E-2,2.328489092E-1
5.266666667E0,1.186344741E-2,2.370312999E-1
5.300000000E0,1.195770167E-2,2.397960659E-1
5.333333333E0,1.190544918E-2,2.406551284E-1
5.366666667E0,1.230113792E-2,2.392694106E-1
5.400000000E0,1.241377178E-2,2.362446099E-1
5.433333333E0,1.276642884E-2,2.324487982E-1
5.466666667E0,1.278968425E-2,2.280657904E-1
5.500000000E0,1.306572403E-2,2.234559619E-1
5.533333333E0,1.333326869E-2,2.180741328E-1
5.566666667E0,1.355112648E-2,2.122940106E-1
5.600000000E0,1.377712733E-2,2.064066470E-1
5.633333333E0,1.387323655E-2,1.998340883E-1
5.666666667E0,1.423690126E-2,1.929298818E-1
5.700000000E0,1.455538710E-2,1.872662042E-1
5.733333333E0,1.477791591E-2,1.831054995E-1
5.766666667E0,1.484298470E-2,1.806054675E-1
5.800000000E0,1.519784428E-2,1.799639706E-1
5.833333333E0,1.548975513E-2,1.805961934E-1
5.866666667E0,1.543508959E-2,1.823110469E-1
5.900000000E0,1.503743681E-2,1.859122733E-1
5.933333333E0,1.452981824E-2,1.910686651E-1
5.966666667E0,1.376281069E-2,1.975214318E-1
6.000000000E0,1.311180638E-2,2.050764719E-1
6.033333333E0,1.243524729E-2,2.129048732E-1
6.066666667E0,1.200871720E-2,2.205027071E-1
6.100000000E0,1.161189709E-2,2.272703712E-1
6.133333333E0,1.118772451E-2,2.327442945E-1
6.166666667E0,1.114988006E-2,2.371502130E-1
6.200000000E0,1.125579414E-2,2.403332777E-1
6.233333333E0,1.127531854E-2,2.411829062E-1
6.266666667E0,1.176264252E-2,2.399577977E-1
6.300000000E0,1.180974513E-2,2.370303614E-1
6.333333333E0,1.204850729E-2,2.335919252E-1
6.366666667E0,1.199207088E-2,2.294371955E-1
6.400000000E0,1.237716799E-2,2.248678428E-1
6.433333333E0,1.250301259E-2,2.194566270E-1
6.466666667E0,1.271629117E-2,2.138429548E-1
6.500000000E0,1.303508497E-2,2.077500571E-1
6.533333333E0,1.320915807E-2,2.012929953E-1
6.566666667E0,1.338869176E-2,1.947099515E-1
6.600000000E0,1.377527517E-2,1.891212654E-1
6.633333333E0,1.402234181E-2,1.847481764E-1
6.666666667E0,1.414891817E-2,1.825968198E-1
6.700000000E0,1.442194622E-2,1.822337872E-1
6.733333333E0,1.474490161E-2,1.829814397E-1
6.766666667E0,1.480170943E-2,1.849782258E-1
6.800000000E0,1.422891283E-2,1.889220130E-1
6.833333333E0,1.350020683E-2,1.944915794E-1
6.866666667E0,1.267145186E-2,2.008923074E-1
6.900000000E0,1.210193144E-2,2.080585334E-1
6.933333333E0,1.153333329E-2,2.157252657E-1
6.966666667E0,1.107924528E-2,2.231002059E-1
7.000000000E0,1.054426594E-2,2.295022216E-1
7.033333333E0,1.034616160E-2,2.348407215E-1
7.066666667E0,1.015190532E-2,2.391317484E-1
7.100000000E0,1.002640023E-2,2.414959068E-1
7.133333333E0,1.002909284E-2,2.422331577E-1
7.166666667E0,1.042217219E-2,2.406977758E-1
7.200000000E0,1.025859229E-2,2.375659614E-1
7.233333333E0,1.034811931E-2,2.342002616E-1
7.266666667E0,1.023835966E-2,2.301347409E-1
7.300000000E0,1.047868440E-2,2.257168827E-1
7.333333333E0,1.038011317E-2,2.208128335E-1
7.366666667E0,1.056050512E-2,2.156730543E-1
7.400000000E0,1.067602205E-2,2.100490887E-1
7.433333333E0,1.079322320E-2,2.039441865E-1
7.466666667E0,1.087866432E-2,1.975781129E-1
7.500000000E0,1.144835314E-2,1.923689081E-1
7.533333333E0,1.146619132E-2,1.884447129E-1
7.566666667E0,1.139277407E-2,1.864271040E-1
7.600000000E0,1.174502657E-2,1.863172461E-1
7.633333333E0,1.192092055E-2,1.869557285E-1
7.666666667E0,1.181900009E-2,1.890303755E-1
7.700000000E0,1.118901636E-2,1.925955261E-1
7.733333333E0,1.033261108E-2,1.979598022E-1
7.766666667E0,9.481295341E-3,2.043209626E-1
7.800000000E0,8.833686009E-3,2.115475120E-1
7.833333333E0,8.176946166E-3,2.188064575E-1
7.866666667E0,7.530728230E-3,2.261100419E-1
7.900000000E0,6.997966681E-3,2.326487505E-1
7.933333333E0,6.693047370E-3,2.377190755E-1
7.966666667E0,6.527420494E-3,2.419357939E-1
8.000000000E0,6.677583736E-3,2.444560617E-1
8.033333333E0,6.760114507E-3,2.449780255E-1
8.066666667E0,7.054218526E-3,2.434809676E-1
8.100000000E0,7.000776587E-3,2.397511269E-1
8.133333333E0,7.621302794E-3,2.357146964E-1
8.166666667E0,7.622271283E-3,2.306935977E-1
8.200000000E0,7.972066430E-3,2.253379529E-1
8.233333333E0,8.264589039E-3,2.194506911E-1
8.266666667E0,8.838790642E-3,2.133374663E-1
8.300000000E0,9.001619549E-3,2.069192308E-1
8.333333333E0,9.360770778E-3,2.004178641E-1
8.366666667E0,9.656273119E-3,1.938199910E-1
8.400000000E0,1.009567535E-2,1.880593396E-1
8.433333333E0,1.045648702E-2,1.837705067E-1
8.466666667E0,1.072154482E-2,1.817235244E-1
8.500000000E0,1.108900557E-2,1.817377549E-1
8.533333333E0,1.127141194E-2,1.823791657E-1
8.566666667E0,1.113317771E-2,1.847722250E-1
8.600000000E0,1.048826563E-2,1.889642660E-1
8.633333333E0,9.873540033E-3,1.947394268E-1
8.666666667E0,8.893264692E-3,2.018950876E-1
8.700000000E0,8.309391284E-3,2.096114190E-1
8.733333333E0,7.649978343E-3,2.176960929E-1
8.766666667E0,7.187049261E-3,2.254338070E-1
8.800000000E0,6.719703327E-3,2.317943747E-1
8.833333333E0,6.440312041E-3,2.374703077E-1
8.866666667E0,6.265661416E-3,2.417352010E-1
8.900000000E0,6.316393776E-3,2.442948816E-1
8.933333333E0,6.256577784E-3,2.448451962E-1
8.966666667E0,6.708287199E-3,2.433971144E-1
9.000000000E0,6.811948363E-3,2.401025310E-1
9.033333333E0,7.296162559E-3,2.361257181E-1
9.066666667E0,7.435643584E-3,2.314113658E-1
9.100000000E0,7.979325591E-3,2.261979141E-1
9.133333333E0,8.249533572E-3,2.204130055E-1
9.166666667E0,8.661337365E-3,2.141407947E-1
