t,x,y
0.000000000E0,3.357621845E-1,-1.972071564E-2
4.166666667E-3,3.357595191E-1,-1.970748412E-2
8.333333333E-3,3.357885555E-1,-1.970688721E-2
1.250000000E-2,3.358131869E-1,-1.968745486E-2
1.666666667E-2,3.358139439E-1,-1.972847984E-2
2.083333333E-2,3.357970580E-1,-1.972762607E-2
2.500000000E-2,3.357622016E-1,-1.979168712E-2
2.916666667E-2,3.357319609E-1,-1.985787244E-2
3.333333333E-2,3.357624105E-1,-1.995950975E-2
3.750000000E-2,3.357798722E-1,-2.009510080E-2
4.166666667E-2,3.357769547E-1,-2.011513659E-2
4.583333333E-2,3.357789644E-1,-2.016808225E-2
5.000000000E-2,3.357667050E-1,-2.053605031E-2
5.416666667E-2,3.357152892E-1,-2.103409290E-2
5.833333333E-2,3.357502754E-1,-2.180708753E-2
6.250000000E-2,3.357793990E-1,-2.341301044E-2
6.666666667E-2,3.354116702E-1,-2.515450686E-2
7.083333333E-2,3.353990711E-1,-2.726680605E-2
7.500000000E-2,3.354179150E-1,-2.981417777E-2
7.916666667E-2,3.347795544E-1,-3.271894949E-2
8.333333333E-2,3.346149139E-1,-3.531085063E-2
8.750000000E-2,3.345286195E-1,-3.870282614E-2
9.166666667E-2,3.339656445E-1,-4.186434622E-2
9.583333333E-2,3.333850957E-1,-4.504913663E-2
1.000000000E-1,3.333303951E-1,-4.829131898E-2
1.041666667E-1,3.326803671E-1,-5.168358854E-2
1.083333333E-1,3.319530901E-1,-5.489391823E-2
1.125000000E-1,3.319268251E-1,-5.811375215E-2
1.166666667E-1,3.313308049E-1,-6.179818168E-2
1.208333333E-1,3.304241875E-1,-6.507566841E-2
1.250000000E-1,3.300627498E-1,-6.836488477E-2
1.291666667E-1,3.295565054E-1,-7.252322632E-2
1.333333333E-1,3.282997625E-1,-7.668958834E-2
1.375000000E-1,3.276069458E-1,-8.077991760E-2
1.416666667E-1,3.266588788E-1,-8.570634728E-2
1.458333333E-1,3.250405418E-1,-9.059490363E-2
1.500000000E-1,3.236735921E-1,-9.526980809E-2
1.541666667E-1,3.226227945E-1,-1.001624778E-1
1.583333333E-1,3.207212179E-1,-1.055104425E-1
1.625000000E-1,3.188997002E-1,-1.103326287E-1
1.666666667E-1,3.175202792E-1,-1.156432643E-1
1.708333333E-1,3.154915912E-1,-1.210565597E-1
1.750000000E-1,3.132714308E-1,-1.259454022E-1
1.791666667E-1,3.117159219E-1,-1.311788795E-1
1.833333333E-1,3.093935898E-1,-1.366360250E-1
1.875000000E-1,3.069050459E-1,-1.416520345E-1
1.916666667E-1,3.050615688E-1,-1.464795835E-1
1.958333333E-1,3.027549080E-1,-1.519993747E-1
2.000000000E-1,2.999349478E-1,-1.570660201E-1
2.041666667E-1,2.976953609E-1,-1.620691312E-1
2.083333333E-1,2.950093144E-1,-1.678224258E-1
2.125000000E-1,2.918234342E-1,-1.732416036E-1
2.166666667E-1,2.885324504E-1,-1.786776209E-1
2.208333333E-1,2.857876243E-1,-1.840184371E-1
2.250000000E-1,2.822576613E-1,-1.893683099E-1
2.291666667E-1,2.788288538E-1,-1.944048880E-1
2.333333333E-1,2.756462798E-1,-1.997984467E-1
2.375000000E-1,2.719141162E-1,-2.049818990E-1
2.416666667E-1,2.681508283E-1,-2.098789436E-1
2.458333333E-1,2.646352319E-1,-2.151295645E-1
2.500000000E-1,2.608005655E-1,-2.199662380E-1
2.541666667E-1,2.568826656E-1,-2.244866680E-1
2.583333333E-1,2.530748287E-1,-2.293860481E-1
2.625000000E-1,2.490484108E-1,-2.344805824E-1
2.666666667E-1,2.449659365E-1,-2.386796562E-1
2.708333333E-1,2.408138368E-1,-2.433107342E-1
2.750000000E-1,2.367559978E-1,-2.481720580E-1
2.791666667E-1,2.321052987E-1,-2.523220080E-1
2.833333333E-1,2.278788120E-1,-2.564189605E-1
2.875000000E-1,2.233272959E-1,-2.609556061E-1
2.916666667E-1,2.185968377E-1,-2.649873275E-1
2.958333333E-1,2.140532720E-1,-2.689392471E-1
3.000000000E-1,2.093915040E-1,-2.731319612E-1
3.041666667E-1,2.045324904E-1,-2.766504112E-1
3.083333333E-1,1.997991642E-1,-2.805645670E-1
3.125000000E-1,1.953683287E-1,-2.843467393E-1
3.166666667E-1,1.906679456E-1,-2.874147611E-1
3.208333333E-1,1.856956397E-1,-2.906623575E-1
3.250000000E-1,1.813109144E-1,-2.941476152E-1
3.291666667E-1,1.766130927E-1,-2.972405895E-1
3.333333333E-1,1.718454843E-1,-3.001704870E-1
3.375000000E-1,1.672236208E-1,-3.032501988E-1
3.416666667E-1,1.627024723E-1,-3.059752661E-1
3.458333333E-1,1.580567872E-1,-3.087497890E-1
3.500000000E-1,1.535703398E-1,-3.113785570E-1
3.541666667E-1,1.491294532E-1,-3.135617160E-1
3.583333333E-1,1.448057881E-1,-3.159909326E-1
3.625000000E-1,1.405578367E-1,-3.183355130E-1
3.666666667E-1,1.364529682E-1,-3.199625092E-1
3.708333333E-1,1.323211246E-1,-3.218663446E-1
3.750000000E-1,1.282852700E-1,-3.240319749E-1
3.791666667E-1,1.243856810E-1,-3.255495838E-1
3.833333333E-1,1.205743238E-1,-3.270119100E-1
3.875000000E-1,1.168280992E-1,-3.290169579E-1
3.916666667E-1,1.135039923E-1,-3.304466969E-1
3.958333333E-1,1.102571787E-1,-3.312559824E-1
4.000000000E-1,1.068893030E-1,-3.328458345E-1
4.041666667E-1,1.040104467E-1,-3.339758475E-1
4.083333333E-1,1.012998587E-1,-3.346398493E-1
4.125000000E-1,9.839999865E-2,-3.359073897E-1
4.166666667E-1,9.595807912E-2,-3.368373543E-1
4.208333333E-1,9.384685947E-2,-3.371378967E-1
4.250000000E-1,9.156892834E-2,-3.382506581E-1
4.291666667E-1,8.959569471E-2,-3.390565408E-1
4.333333333E-1,8.809000588E-2,-3.389843439E-1
4.375000000E-1,8.646342334E-2,-3.396516433E-1
4.416666667E-1,8.486373141E-2,-3.405628901E-1
4.458333333E-1,8.390569441E-2,-3.403209562E-1
4.500000000E-1,8.295562648E-2,-3.406189813E-1
4.541666667E-1,8.180720812E-2,-3.415502234E-1
4.583333333E-1,8.138823787E-2,-3.413605660E-1
4.625000000E-1,8.116248989E-2,-3.411224233E-1
4.666666667E-1,8.059592507E-2,-3.418285736E-1
4.708333333E-1,8.074958217E-2,-3.417153882E-1
4.750000000E-1,8.103863111E-2,-3.410648662E-1
4.791666667E-1,8.113001911E-2,-3.414703054E-1
4.833333333E-1,8.147310927E-2,-3.416261220E-1
4.875000000E-1,8.222113233E-2,-3.406699457E-1
4.916666667E-1,8.287651982E-2,-3.407927968E-1
4.958333333E-1,8.369148842E-2,-3.408875230E-1
5.000000000E-1,8.489895272E-2,-3.400674383E-1
5.041666667E-1,8.598494752E-2,-3.397206211E-1
5.083333333E-1,8.709754446E-2,-3.398054108E-1
5.125000000E-1,8.866164819E-2,-3.389531508E-1
5.166666667E-1,9.020873818E-2,-3.383294044E-1
5.208333333E-1,9.163492764E-2,-3.383132440E-1
5.250000000E-1,9.348467684E-2,-3.375378869E-1
5.291666667E-1,9.534615004E-2,-3.365715011E-1
5.333333333E-1,9.704025625E-2,-3.362785717E-1
5.375000000E-1,9.885765002E-2,-3.359036351E-1
5.416666667E-1,1.010546677E-1,-3.346213738E-1
5.458333333E-1,1.029808256E-1,-3.341753133E-1
5.500000000E-1,1.050161423E-1,-3.336295479E-1
5.541666667E-1,1.072806403E-1,-3.323417918E-1
5.583333333E-1,1.093502042E-1,-3.314867969E-1
5.625000000E-1,1.115804356E-1,-3.309643251E-1
5.666666667E-1,1.139690952E-1,-3.297720264E-1
5.708333333E-1,1.162034685E-1,-3.288213911E-1
5.750000000E-1,1.184222365E-1,-3.281270009E-1
5.791666667E-1,1.207073772E-1,-3.269296276E-1
5.833333333E-1,1.230520368E-1,-3.258169726E-1
5.875000000E-1,1.253724909E-1,-3.251187844E-1
5.916666667E-1,1.277107000E-1,-3.239789265E-1
5.958333333E-1,1.300903157E-1,-3.226723295E-1
6.000000000E-1,1.323312424E-1,-3.219443788E-1
6.041666667E-1,1.348754157E-1,-3.207142725E-1
6.083333333E-1,1.371512715E-1,-3.193008937E-1
6.125000000E-1,1.392197815E-1,-3.185412666E-1
6.166666667E-1,1.417211459E-1,-3.172621302E-1
6.208333333E-1,1.439534312E-1,-3.157246716E-1
6.250000000E-1,1.460581752E-1,-3.151383930E-1
6.291666667E-1,1.483646393E-1,-3.139220331E-1
6.333333333E-1,1.508164253E-1,-3.121043815E-1
6.375000000E-1,1.527928174E-1,-3.111601512E-1
6.416666667E-1,1.549168351E-1,-3.103216201E-1
6.458333333E-1,1.572060751E-1,-3.087197405E-1
6.500000000E-1,1.592156505E-1,-3.073899020E-1
6.541666667E-1,1.613358467E-1,-3.066058101E-1
6.583333333E-1,1.634304278E-1,-3.051439652E-1
6.625000000E-1,1.654808770E-1,-3.038695304E-1
6.666666667E-1,1.673849673E-1,-3.029109110E-1
6.708333333E-1,1.693128058E-1,-3.016066144E-1
6.750000000E-1,1.712112041E-1,-3.002223786E-1
6.791666667E-1,1.730786020E-1,-2.992641431E-1
6.833333333E-1,1.748343475E-1,-2.979098689E-1
6.875000000E-1,1.766232993E-1,-2.965842273E-1
6.916666667E-1,1.783199748E-1,-2.957612634E-1
6.958333333E-1,1.801129320E-1,-2.945686495E-1
7.000000000E-1,1.816034850E-1,-2.932621039E-1
7.041666667E-1,1.831523483E-1,-2.923258308E-1
7.083333333E-1,1.847785075E-1,-2.913269980E-1
7.125000000E-1,1.863575027E-1,-2.900815439E-1
7.166666667E-1,1.876833389E-1,-2.892659006E-1
7.208333333E-1,1.891822515E-1,-2.880460403E-1
7.250000000E-1,1.903800420E-1,-2.871308016E-1
7.291666667E-1,1.916810769E-1,-2.863360735E-1
7.333333333E-1,1.929482924E-1,-2.853244025E-1
7.375000000E-1,1.939876028E-1,-2.842266690E-1
7.416666667E-1,1.951705013E-1,-2.836219865E-1
7.458333333E-1,1.962989372E-1,-2.829694959E-1
7.500000000E-1,1.972718963E-1,-2.817973349E-1
7.541666667E-1,1.981842525E-1,-2.812596965E-1
7.583333333E-1,1.990919183E-1,-2.807651448E-1
7.625000000E-1,1.999911622E-1,-2.797206127E-1
7.666666667E-1,2.007517606E-1,-2.791099698E-1
7.708333333E-1,2.014916704E-1,-2.789618951E-1
7.750000000E-1,2.021829674E-1,-2.781579756E-1
7.791666667E-1,2.027245163E-1,-2.774649292E-1
7.833333333E-1,2.032559419E-1,-2.773813580E-1
7.875000000E-1,2.038384065E-1,-2.769393889E-1
7.916666667E-1,2.041883433E-1,-2.762026787E-1
7.958333333E-1,2.046125098E-1,-2.761087578E-1
8.000000000E-1,2.048629766E-1,-2.760284682E-1
8.041666667E-1,2.052050233E-1,-2.754209494E-1
8.083333333E-1,2.054010020E-1,-2.753985538E-1
8.125000000E-1,2.055232107E-1,-2.754317236E-1
8.166666667E-1,2.056189952E-1,-2.750531744E-1
8.208333333E-1,2.057799650E-1,-2.750112076E-1
8.250000000E-1,2.057665569E-1,-2.754046454E-1
8.291666667E-1,2.057737497E-1,-2.751425780E-1
8.333333333E-1,2.055780002E-1,-2.750023899E-1
8.375000000E-1,2.055256620E-1,-2.755689422E-1
8.416666667E-1,2.052032689E-1,-2.756949564E-1
8.458333333E-1,2.049553930E-1,-2.756042432E-1
8.500000000E-1,2.047396450E-1,-2.760646851E-1
8.541666667E-1,2.043644552E-1,-2.765025066E-1
8.583333333E-1,2.039332046E-1,-2.764603570E-1
8.625000000E-1,2.035788691E-1,-2.769295971E-1
8.666666667E-1,2.031000272E-1,-2.775181199E-1
8.708333333E-1,2.024578940E-1,-2.776918633E-1
8.750000000E-1,2.020126493E-1,-2.779038036E-1
8.791666667E-1,2.013769094E-1,-2.788680649E-1
8.833333333E-1,2.005180634E-1,-2.793531860E-1
8.875000000E-1,2.000681168E-1,-2.794876671E-1
8.916666667E-1,1.992728648E-1,-2.804380119E-1
8.958333333E-1,1.983698836E-1,-2.812670710E-1
9.000000000E-1,1.976654053E-1,-2.813603471E-1
9.041666667E-1,1.968058149E-1,-2.822008460E-1
9.083333333E-1,1.959384417E-1,-2.832308177E-1
9.125000000E-1,1.949226989E-1,-2.835288364E-1
9.166666667E-1,1.941199488E-1,-2.841896469E-1
9.208333333E-1,1.931120770E-1,-2.853241172E-1
9.250000000E-1,1.919740773E-1,-2.858766316E-1
9.291666667E-1,1.912173584E-1,-2.862841457E-1
9.333333333E-1,1.900334934E-1,-2.874665349E-1
9.375000000E-1,1.889870909E-1,-2.881504917E-1
9.416666667E-1,1.878687597E-1,-2.886456846E-1
9.458333333E-1,1.867750763E-1,-2.895900817E-1
9.500000000E-1,1.857630364E-1,-2.903877471E-1
9.541666667E-1,1.846872671E-1,-2.910377545E-1
9.583333333E-1,1.836834184E-1,-2.918349752E-1
9.625000000E-1,1.824773749E-1,-2.926462013E-1
9.666666667E-1,1.813386779E-1,-2.934250916E-1
9.708333333E-1,1.803647589E-1,-2.941161058E-1
9.750000000E-1,1.792819668E-1,-2.947738760E-1
9.791666667E-1,1.780327876E-1,-2.955687589E-1
9.833333333E-1,1.769500879E-1,-2.962380235E-1
9.875000000E-1,1.760212861E-1,-2.968664531E-1
9.916666667E-1,1.748274083E-1,-2.976399337E-1
9.958333333E-1,1.737851632E-1,-2.985179856E-1
1.000000000E0,1.728674290E-1,-2.988650977E-1
1.004166667E0,1.716532625E-1,-2.995789708E-1
1.008333333E0,1.706047129E-1,-3.005764229E-1
1.012500000E0,1.695333873E-1,-3.010418970E-1
1.016666667E0,1.685645478E-1,-3.014874724E-1
1.020833333E0,1.675015150E-1,-3.022805824E-1
1.025000000E0,1.666811175E-1,-3.029209873E-1
1.029166667E0,1.657450476E-1,-3.032406747E-1
1.033333333E0,1.647810071E-1,-3.038889455E-1
1.037500000E0,1.637950780E-1,-3.045553079E-1
1.041666667E0,1.630556603E-1,-3.049507799E-1
1.045833333E0,1.623010446E-1,-3.054392462E-1
1.050000000E0,1.614125204E-1,-3.059510026E-1
1.054166667E0,1.606923384E-1,-3.061321054E-1
1.058333333E0,1.599708957E-1,-3.067200564E-1
1.062500000E0,1.593316385E-1,-3.071650782E-1
1.066666667E0,1.585999184E-1,-3.073575069E-1
1.070833333E0,1.579963893E-1,-3.078042220E-1
1.075000000E0,1.575864448E-1,-3.081671282E-1
1.079166667E0,1.569584678E-1,-3.083424992E-1
1.083333333E0,1.564395700E-1,-3.086482290E-1
1.087500000E0,1.561008653E-1,-3.087828667E-1
1.091666667E0,1.557973327E-1,-3.090548245E-1
1.095833333E0,1.552635443E-1,-3.094230208E-1
1.100000000E0,1.549763852E-1,-3.097067007E-1
1.104166667E0,1.548427813E-1,-3.095426847E-1
1.108333333E0,1.545170696E-1,-3.097273525E-1
1.112500000E0,1.542109033E-1,-3.100880993E-1
1.116666667E0,1.541362884E-1,-3.098480342E-1
1.120833333E0,1.541687087E-1,-3.097597205E-1
1.125000000E0,1.539101906E-1,-3.103386088E-1
1.129166667E0,1.539275769E-1,-3.101597301E-1
1.133333333E0,1.538967722E-1,-3.098064790E-1
1.137500000E0,1.538822578E-1,-3.100762867E-1
1.141666667E0,1.538698782E-1,-3.102751822E-1
1.145833333E0,1.541976961E-1,-3.097531072E-1
1.150000000E0,1.542487322E-1,-3.097910492E-1
1.154166667E0,1.543722879E-1,-3.100076427E-1
1.158333333E0,1.547884754E-1,-3.094359702E-1
1.162500000E0,1.548904929E-1,-3.093801485E-1
1.166666667E0,1.552162344E-1,-3.094825628E-1
1.170833333E0,1.555898317E-1,-3.090890505E-1
1.175000000E0,1.559592233E-1,-3.086284657E-1
1.179166667E0,1.562584885E-1,-3.087364524E-1
1.183333333E0,1.566117690E-1,-3.084382704E-1
1.187500000E0,1.572227255E-1,-3.078965396E-1
1.191666667E0,1.575991093E-1,-3.079389958E-1
1.195833333E0,1.580118254E-1,-3.076790038E-1
1.200000000E0,1.586288878E-1,-3.072245756E-1
1.204166667E0,1.591516229E-1,-3.070707043E-1
1.208333333E0,1.596713168E-1,-3.069903367E-1
1.212500000E0,1.603199596E-1,-3.063197694E-1
1.216666667E0,1.608178750E-1,-3.060408830E-1
1.220833333E0,1.613396951E-1,-3.059329913E-1
1.225000000E0,1.619620720E-1,-3.052519927E-1
1.229166667E0,1.626670574E-1,-3.048459946E-1
1.233333333E0,1.632449694E-1,-3.047358830E-1
1.237500000E0,1.638377426E-1,-3.043745004E-1
1.241666667E0,1.644579071E-1,-3.037218528E-1
1.245833333E0,1.650848256E-1,-3.035945567E-1
1.250000000E0,1.657106677E-1,-3.032516909E-1
1.254166667E0,1.664138807E-1,-3.025451773E-1
1.258333333E0,1.670725538E-1,-3.024538950E-1
1.262500000E0,1.677285627E-1,-3.020794517E-1
1.266666667E0,1.683597284E-1,-3.013584664E-1
1.270833333E0,1.690683365E-1,-3.009812342E-1
1.275000000E0,1.695489743E-1,-3.009228929E-1
1.279166667E0,1.701528688E-1,-3.003786008E-1
1.283333333E0,1.707499396E-1,-2.998981342E-1
1.287500000E0,1.712498274E-1,-2.997972060E-1
1.291666667E0,1.718853464E-1,-2.993309563E-1
1.295833333E0,1.724764176E-1,-2.988254910E-1
1.300000000E0,1.730087533E-1,-2.985405811E-1
1.304166667E0,1.735633426E-1,-2.982304615E-1
1.308333333E0,1.741555614E-1,-2.978494644E-1
1.312500000E0,1.746141592E-1,-2.974529233E-1
1.316666667E0,1.750550841E-1,-2.972426532E-1
1.320833333E0,1.755424177E-1,-2.968390249E-1
1.325000000E0,1.759665187E-1,-2.965581604E-1
1.329166667E0,1.764637989E-1,-2.962749166E-1
1.333333333E0,1.768395750E-1,-2.960826799E-1
1.337500000E0,1.773008784E-1,-2.955966163E-1
1.341666667E0,1.776938983E-1,-2.954463453E-1
1.345833333E0,1.779574989E-1,-2.954521203E-1
1.350000000E0,1.783174360E-1,-2.950099837E-1
1.354166667E0,1.786658877E-1,-2.947039106E-1
1.358333333E0,1.789677333E-1,-2.948144825E-1
1.362500000E0,1.791029080E-1,-2.946925678E-1
1.366666667E0,1.796260555E-1,-2.941389723E-1
1.370833333E0,1.797289016E-1,-2.941245690E-1
1.375000000E0,1.799183778E-1,-2.941093606E-1
1.379166667E0,1.801045540E-1,-2.937782899E-1
1.383333333E0,1.802759965E-1,-2.936394307E-1
1.387500000E0,1.803597501E-1,-2.937599131E-1
1.391666667E0,1.804435984E-1,-2.937424610E-1
1.395833333E0,1.806048951E-1,-2.934941054E-1
1.400000000E0,1.806873039E-1,-2.934595114E-1
1.404166667E0,1.807061348E-1,-2.934272549E-1
1.408333333E0,1.807237644E-1,-2.934304834E-1
1.412500000E0,1.807475283E-1,-2.934650722E-1
1.416666667E0,1.806790219E-1,-2.934312702E-1
1.420833333E0,1.806867713E-1,-2.934238847E-1
1.425000000E0,1.806442228E-1,-2.935708555E-1
1.429166667E0,1.804558798E-1,-2.936485320E-1
1.433333333E0,1.803871806E-1,-2.935358803E-1
1.437500000E0,1.802722720E-1,-2.936746586E-1
1.441666667E0,1.800573187E-1,-2.940468388E-1
1.445833333E0,1.799095195E-1,-2.940359177E-1
1.450000000E0,1.797354733E-1,-2.941360304E-1
1.454166667E0,1.794532097E-1,-2.944547546E-1
1.458333333E0,1.792902039E-1,-2.944157366E-1
1.462500000E0,1.790822436E-1,-2.945053073E-1
1.466666667E0,1.787262652E-1,-2.949005096E-1
1.470833333E0,1.783605933E-1,-2.950478278E-1
1.475000000E0,1.781157650E-1,-2.950559325E-1
1.479166667E0,1.777540816E-1,-2.956209505E-1
1.483333333E0,1.773380164E-1,-2.958269358E-1
1.487500000E0,1.770167934E-1,-2.957395363E-1
1.491666667E0,1.766909438E-1,-2.961575028E-1
1.495833333E0,1.762789086E-1,-2.965903662E-1
1.500000000E0,1.759329915E-1,-2.964426462E-1
1.504166667E0,1.755553096E-1,-2.967550843E-1
1.508333333E0,1.749687547E-1,-2.975229182E-1
1.512500000E0,1.746236456E-1,-2.974448753E-1
1.516666667E0,1.742680684E-1,-2.974345954E-1
1.520833333E0,1.738034655E-1,-2.981972560E-1
1.525000000E0,1.732581742E-1,-2.984296899E-1
1.529166667E0,1.729216250E-1,-2.982415486E-1
1.533333333E0,1.724662352E-1,-2.988528196E-1
1.537500000E0,1.719930040E-1,-2.995001803E-1
1.541666667E0,1.716308543E-1,-2.991782760E-1
1.545833333E0,1.711748144E-1,-2.995342685E-1
1.550000000E0,1.706718347E-1,-3.003004169E-1
1.554166667E0,1.702047220E-1,-3.001885826E-1
1.558333333E0,1.698609902E-1,-3.001981445E-1
1.562500000E0,1.694029188E-1,-3.009496082E-1
1.566666667E0,1.688973067E-1,-3.011547076E-1
1.570833333E0,1.685595605E-1,-3.009429674E-1
1.575000000E0,1.681202524E-1,-3.015981183E-1
1.579166667E0,1.677566967E-1,-3.020992323E-1
1.583333333E0,1.674326599E-1,-3.016773443E-1
1.587500000E0,1.670687466E-1,-3.021894204E-1
1.591666667E0,1.664966189E-1,-3.028950207E-1
1.595833333E0,1.663334128E-1,-3.024739749E-1
1.600000000E0,1.660887937E-1,-3.026429840E-1
1.604166667E0,1.656837276E-1,-3.032927277E-1
1.608333333E0,1.653727869E-1,-3.032567321E-1
1.612500000E0,1.651061185E-1,-3.032317024E-1
1.616666667E0,1.647696760E-1,-3.038713579E-1
1.620833333E0,1.644073210E-1,-3.039179480E-1
1.625000000E0,1.643946924E-1,-3.036429835E-1
1.629166667E0,1.640693131E-1,-3.041348539E-1
1.633333333E0,1.637461430E-1,-3.045312123E-1
1.637500000E0,1.636264748E-1,-3.040378373E-1
1.641666667E0,1.635313747E-1,-3.043556225E-1
1.645833333E0,1.631752321E-1,-3.048760657E-1
1.650000000E0,1.630386172E-1,-3.045061905E-1
1.654166667E0,1.630085702E-1,-3.045738590E-1
1.658333333E0,1.628853415E-1,-3.050437800E-1
1.662500000E0,1.627462682E-1,-3.049267330E-1
1.666666667E0,1.626999275E-1,-3.046750053E-1
1.670833333E0,1.626530025E-1,-3.049846228E-1
1.675000000E0,1.626320933E-1,-3.050531341E-1
1.679166667E0,1.626703601E-1,-3.046539873E-1
1.683333333E0,1.626797980E-1,-3.048505480E-1
1.687500000E0,1.626988002E-1,-3.049993943E-1
1.691666667E0,1.626708391E-1,-3.048903432E-1
1.695833333E0,1.627081789E-1,-3.049359472E-1
1.700000000E0,1.627380438E-1,-3.049991373E-1
1.704166667E0,1.629736326E-1,-3.046418110E-1
1.708333333E0,1.630359515E-1,-3.047263125E-1
1.712500000E0,1.631669414E-1,-3.049029590E-1
1.716666667E0,1.633872339E-1,-3.043572269E-1
1.720833333E0,1.634221190E-1,-3.043144253E-1
1.725000000E0,1.637023315E-1,-3.045720766E-1
1.729166667E0,1.637776615E-1,-3.042910607E-1
1.733333333E0,1.640301320E-1,-3.038918679E-1
1.737500000E0,1.643276148E-1,-3.042025301E-1
1.741666667E0,1.644390407E-1,-3.041005841E-1
1.745833333E0,1.647379045E-1,-3.036375659E-1
1.750000000E0,1.650087061E-1,-3.036052557E-1
1.754166667E0,1.651594701E-1,-3.035861609E-1
1.758333333E0,1.655711413E-1,-3.032514008E-1
1.762500000E0,1.657712107E-1,-3.032929209E-1
1.766666667E0,1.660899172E-1,-3.029700320E-1
1.770833333E0,1.664210173E-1,-3.026784509E-1
1.775000000E0,1.667333032E-1,-3.026624777E-1
1.779166667E0,1.668408512E-1,-3.026113489E-1
1.783333333E0,1.672315111E-1,-3.019529849E-1
1.787500000E0,1.675222585E-1,-3.019450599E-1
1.791666667E0,1.678373718E-1,-3.019568232E-1
1.795833333E0,1.681372481E-1,-3.016251505E-1
1.800000000E0,1.684598137E-1,-3.012317684E-1
1.804166667E0,1.687798368E-1,-3.012296669E-1
1.808333333E0,1.691072066E-1,-3.010282117E-1
1.812500000E0,1.694449409E-1,-3.008186479E-1
1.816666667E0,1.697839952E-1,-3.005672459E-1
1.820833333E0,1.700304484E-1,-3.005016077E-1
1.825000000E0,1.704209527E-1,-3.003456685E-1
1.829166667E0,1.707895640E-1,-2.998865842E-1
1.833333333E0,1.708839124E-1,-2.998005329E-1
1.837500000E0,1.711987311E-1,-2.998827724E-1
1.841666667E0,1.715463353E-1,-2.995182454E-1
1.845833333E0,1.718431802E-1,-2.992119472E-1
1.850000000E0,1.719789326E-1,-2.994165583E-1
1.854166667E0,1.722627010E-1,-2.991578840E-1
1.858333333E0,1.725427948E-1,-2.985393981E-1
1.862500000E0,1.727104666E-1,-2.988528154E-1
1.866666667E0,1.728986777E-1,-2.988291617E-1
1.870833333E0,1.732480258E-1,-2.981283639E-1
1.875000000E0,1.732684507E-1,-2.984095078E-1
1.879166667E0,1.734690136E-1,-2.985683131E-1
1.883333333E0,1.737995985E-1,-2.976940937E-1
1.887500000E0,1.739289677E-1,-2.978739891E-1
1.891666667E0,1.739874526E-1,-2.984247781E-1
1.895833333E0,1.742237043E-1,-2.976174144E-1
1.900000000E0,1.744499137E-1,-2.974498989E-1
1.904166667E0,1.745331825E-1,-2.981566359E-1
1.908333333E0,1.745994439E-1,-2.975303913E-1
1.912500000E0,1.746774615E-1,-2.970374382E-1
1.916666667E0,1.747197963E-1,-2.979005328E-1
1.920833333E0,1.746797772E-1,-2.978480517E-1
1.925000000E0,1.747592232E-1,-2.968582385E-1
1.929166667E0,1.747905666E-1,-2.975103901E-1
1.933333333E0,1.746964434E-1,-2.979251286E-1
1.937500000E0,1.748761319E-1,-2.968706952E-1
1.941666667E0,1.748791020E-1,-2.971348517E-1
1.945833333E0,1.747631826E-1,-2.978690938E-1
1.950000000E0,1.747298681E-1,-2.971252276E-1
1.954166667E0,1.746256005E-1,-2.971333578E-1
1.958333333E0,1.745903267E-1,-2.979119844E-1
1.962500000E0,1.745272407E-1,-2.974905274E-1
1.966666667E0,1.745514578E-1,-2.969778889E-1
1.970833333E0,1.744659885E-1,-2.978470737E-1
1.975000000E0,1.742491995E-1,-2.978450645E-1
1.979166667E0,1.743332086E-1,-2.971569356E-1
1.983333333E0,1.742298443E-1,-2.978483148E-1
1.987500000E0,1.738715773E-1,-2.982709808E-1
1.991666667E0,1.738845663E-1,-2.974568544E-1
1.995833333E0,1.737658018E-1,-2.978493075E-1
2.000000000E0,1.735514678E-1,-2.985706748E-1
2.004166667E0,1.732924015E-1,-2.979256784E-1
2.008333333E0,1.732287444E-1,-2.979533475E-1
2.012500000E0,1.728927177E-1,-2.989089462E-1
2.016666667E0,1.728207164E-1,-2.985107013E-1
2.020833333E0,1.726733521E-1,-2.982573360E-1
2.025000000E0,1.724259701E-1,-2.991980142E-1
2.029166667E0,1.721386028E-1,-2.992213844E-1
2.033333333E0,1.720001340E-1,-2.985528013E-1
2.037500000E0,1.717034280E-1,-2.993220820E-1
2.041666667E0,1.713630049E-1,-2.998078555E-1
2.045833333E0,1.711283030E-1,-2.991920080E-1
2.050000000E0,1.709957188E-1,-2.995423336E-1
2.054166667E0,1.706542339E-1,-3.002274356E-1
2.058333333E0,1.702767230E-1,-2.998247840E-1
2.062500000E0,1.701033486E-1,-2.999545916E-1
2.066666667E0,1.698270753E-1,-3.005910148E-1
2.070833333E0,1.695772647E-1,-3.003030202E-1
2.075000000E0,1.692243742E-1,-3.005706079E-1
2.079166667E0,1.691687042E-1,-3.010370173E-1
2.083333333E0,1.688366699E-1,-3.006644980E-1
2.087500000E0,1.685339162E-1,-3.008267867E-1
2.091666667E0,1.683994992E-1,-3.015847034E-1
2.095833333E0,1.681435036E-1,-3.012099630E-1
2.100000000E0,1.678708593E-1,-3.011073171E-1
2.104166667E0,1.676611372E-1,-3.019720663E-1
2.108333333E0,1.675694924E-1,-3.019814084E-1
2.112500000E0,1.671492108E-1,-3.016246422E-1
2.116666667E0,1.669912169E-1,-3.021739676E-1
2.120833333E0,1.670172586E-1,-3.022144623E-1
2.125000000E0,1.668033056E-1,-3.019657393E-1
2.129166667E0,1.664983133E-1,-3.025667199E-1
2.133333333E0,1.664103447E-1,-3.025920325E-1
2.137500000E0,1.663156299E-1,-3.022829262E-1
2.141666667E0,1.660712632E-1,-3.027930220E-1
2.145833333E0,1.659451619E-1,-3.029877012E-1
2.150000000E0,1.658180924E-1,-3.026543189E-1
2.154166667E0,1.656893383E-1,-3.028563704E-1
2.158333333E0,1.656204452E-1,-3.032242495E-1
2.162500000E0,1.656966248E-1,-3.029446348E-1
2.166666667E0,1.656207381E-1,-3.029337849E-1
2.170833333E0,1.654738586E-1,-3.032902857E-1
2.175000000E0,1.653840396E-1,-3.032760401E-1
2.179166667E0,1.652636835E-1,-3.032465673E-1
2.183333333E0,1.653060452E-1,-3.032271515E-1
2.187500000E0,1.653562376E-1,-3.032129003E-1
2.191666667E0,1.652941360E-1,-3.033450765E-1
2.195833333E0,1.653404925E-1,-3.032913927E-1
2.200000000E0,1.653664843E-1,-3.030865176E-1
2.204166667E0,1.653578522E-1,-3.033665532E-1
2.208333333E0,1.654552893E-1,-3.033280885E-1
2.212500000E0,1.655034672E-1,-3.028590698E-1
2.216666667E0,1.654288807E-1,-3.033003784E-1
2.220833333E0,1.654779181E-1,-3.033870336E-1
2.225000000E0,1.656922821E-1,-3.025996073E-1
2.229166667E0,1.655391736E-1,-3.029817616E-1
2.233333333E0,1.657191385E-1,-3.032789565E-1
2.237500000E0,1.659797164E-1,-3.025743109E-1
2.241666667E0,1.660493547E-1,-3.026055044E-1
2.245833333E0,1.660779279E-1,-3.032998826E-1
2.250000000E0,1.662417492E-1,-3.025926493E-1
2.254166667E0,1.664089924E-1,-3.022761016E-1
2.258333333E0,1.664485714E-1,-3.030516524E-1
2.262500000E0,1.667194770E-1,-3.025450534E-1
2.266666667E0,1.669673833E-1,-3.016303428E-1
2.270833333E0,1.670523629E-1,-3.025985098E-1
2.275000000E0,1.671162672E-1,-3.026134615E-1
2.279166667E0,1.674830711E-1,-3.012554629E-1
2.283333333E0,1.675252826E-1,-3.019747786E-1
2.287500000E0,1.675663657E-1,-3.025446937E-1
2.291666667E0,1.679296898E-1,-3.012249474E-1
2.295833333E0,1.679300025E-1,-3.012514686E-1
2.300000000E0,1.679840429E-1,-3.022616963E-1
2.304166667E0,1.683898914E-1,-3.010886538E-1
2.308333333E0,1.686325554E-1,-3.006683132E-1
2.312500000E0,1.685732141E-1,-3.017887607E-1
2.316666667E0,1.687834691E-1,-3.012182241E-1
2.320833333E0,1.691671423E-1,-3.002823283E-1
2.325000000E0,1.691868095E-1,-3.012000162E-1
2.329166667E0,1.692213850E-1,-3.012289340E-1
2.333333333E0,1.697324845E-1,-2.998715848E-1
2.337500000E0,1.698452617E-1,-3.004141663E-1
2.341666667E0,1.698745786E-1,-3.011337269E-1
2.345833333E0,1.702053162E-1,-2.998617798E-1
2.350000000E0,1.704036608E-1,-2.998403398E-1
2.354166667E0,1.704711018E-1,-3.006862173E-1
2.358333333E0,1.705411356E-1,-2.998805410E-1
2.362500000E0,1.710217832E-1,-2.992658303E-1
2.366666667E0,1.709010602E-1,-3.001507225E-1
2.370833333E0,1.709729383E-1,-2.998749157E-1
2.375000000E0,1.712509957E-1,-2.989449423E-1
2.379166667E0,1.714067829E-1,-2.997796843E-1
2.383333333E0,1.715076121E-1,-2.998407463E-1
2.387500000E0,1.715972975E-1,-2.988172690E-1
2.391666667E0,1.717758559E-1,-2.993463945E-1
2.395833333E0,1.718237653E-1,-2.995582566E-1
2.400000000E0,1.719190443E-1,-2.988419298E-1
2.404166667E0,1.720861589E-1,-2.988742928E-1
2.408333333E0,1.722517476E-1,-2.995004123E-1
2.412500000E0,1.721936927E-1,-2.988657306E-1
2.416666667E0,1.722626697E-1,-2.987532658E-1
2.420833333E0,1.723020934E-1,-2.991637203E-1
2.425000000E0,1.722996602E-1,-2.989246684E-1
2.429166667E0,1.722828034E-1,-2.987572891E-1
2.433333333E0,1.722987696E-1,-2.991877681E-1
2.437500000E0,1.723418850E-1,-2.988349317E-1
2.441666667E0,1.722478488E-1,-2.988130561E-1
2.445833333E0,1.722621948E-1,-2.992436551E-1
2.450000000E0,1.723130949E-1,-2.986322534E-1
2.454166667E0,1.722395163E-1,-2.984688388E-1
2.458333333E0,1.722048286E-1,-2.992882743E-1
2.462500000E0,1.722407829E-1,-2.990121427E-1
2.466666667E0,1.721937462E-1,-2.984610544E-1
2.470833333E0,1.721518351E-1,-2.991308207E-1
2.475000000E0,1.721781265E-1,-2.992008559E-1
2.479166667E0,1.721667741E-1,-2.985492139E-1
2.483333333E0,1.719914983E-1,-2.991423218E-1
2.487500000E0,1.719096455E-1,-2.993410179E-1
2.491666667E0,1.718685112E-1,-2.988488415E-1
2.495833333E0,1.718103070E-1,-2.991969490E-1
2.500000000E0,1.716094922E-1,-2.995594262E-1
2.504166667E0,1.715950238E-1,-2.990459940E-1
2.508333333E0,1.714746699E-1,-2.992739080E-1
2.512500000E0,1.713109299E-1,-2.997816338E-1
2.516666667E0,1.711583989E-1,-2.995159747E-1
2.520833333E0,1.710229572E-1,-2.995533673E-1
2.525000000E0,1.709005420E-1,-3.000486779E-1
2.529166667E0,1.707590290E-1,-2.999157958E-1
2.533333333E0,1.705426264E-1,-2.997634042E-1
2.537500000E0,1.704283628E-1,-3.001193938E-1
2.541666667E0,1.702716962E-1,-3.002136707E-1
2.545833333E0,1.701644479E-1,-3.002477187E-1
2.550000000E0,1.700268211E-1,-3.002514850E-1
2.554166667E0,1.698567963E-1,-3.002442488E-1
2.558333333E0,1.695468129E-1,-3.008361819E-1
2.562500000E0,1.694706814E-1,-3.007080342E-1
2.566666667E0,1.693034524E-1,-3.004683308E-1
2.570833333E0,1.691798431E-1,-3.009599035E-1
2.575000000E0,1.689991514E-1,-3.012697410E-1
2.579166667E0,1.688678044E-1,-3.006076956E-1
2.583333333E0,1.685588305E-1,-3.009565377E-1
2.587500000E0,1.684264981E-1,-3.017115447E-1
2.591666667E0,1.684520350E-1,-3.009643291E-1
2.595833333E0,1.682259802E-1,-3.009538382E-1
2.600000000E0,1.678608042E-1,-3.020092301E-1
2.604166667E0,1.678614875E-1,-3.014959771E-1
2.608333333E0,1.677932734E-1,-3.011729139E-1
2.612500000E0,1.674641860E-1,-3.022633898E-1
2.616666667E0,1.674291237E-1,-3.020588981E-1
2.620833333E0,1.674693507E-1,-3.012369410E-1
2.625000000E0,1.670665030E-1,-3.022728754E-1
2.629166667E0,1.668952883E-1,-3.025113295E-1
2.633333333E0,1.670716875E-1,-3.015522576E-1
2.637500000E0,1.668363891E-1,-3.022332279E-1
2.641666667E0,1.665285265E-1,-3.029582474E-1
2.645833333E0,1.665774503E-1,-3.019595517E-1
2.650000000E0,1.664910132E-1,-3.021178322E-1
2.654166667E0,1.661425024E-1,-3.032661280E-1
2.658333333E0,1.662962757E-1,-3.023185986E-1
2.662500000E0,1.663526142E-1,-3.019639201E-1
2.666666667E0,1.661339881E-1,-3.032664893E-1
2.670833333E0,1.660740039E-1,-3.030677997E-1
2.675000000E0,1.660993479E-1,-3.019668488E-1
2.679166667E0,1.660048863E-1,-3.028496418E-1
2.683333333E0,1.658359258E-1,-3.031066638E-1
2.687500000E0,1.660472654E-1,-3.020507392E-1
2.691666667E0,1.660409368E-1,-3.024826791E-1
2.695833333E0,1.657987988E-1,-3.032686570E-1
2.700000000E0,1.660074759E-1,-3.022592484E-1
2.704166667E0,1.660622775E-1,-3.023343098E-1
2.708333333E0,1.658647641E-1,-3.031935309E-1
2.712500000E0,1.659973777E-1,-3.025160419E-1
2.716666667E0,1.661145139E-1,-3.021661511E-1
2.720833333E0,1.660858571E-1,-3.029968898E-1
2.725000000E0,1.660763051E-1,-3.028959743E-1
2.729166667E0,1.663192541E-1,-3.020306865E-1
2.733333333E0,1.663798124E-1,-3.026719317E-1
2.737500000E0,1.662164770E-1,-3.028649789E-1
2.741666667E0,1.664312569E-1,-3.019671870E-1
2.745833333E0,1.665475984E-1,-3.023097091E-1
2.750000000E0,1.664551426E-1,-3.028534540E-1
2.754166667E0,1.666219794E-1,-3.019555111E-1
2.758333333E0,1.667884623E-1,-3.019348037E-1
2.762500000E0,1.668223252E-1,-3.025600674E-1
2.766666667E0,1.668165340E-1,-3.020396104E-1
2.770833333E0,1.670359820E-1,-3.016122245E-1
2.775000000E0,1.671456215E-1,-3.021537848E-1
2.779166667E0,1.672247062E-1,-3.020026646E-1
2.783333333E0,1.673563319E-1,-3.014626126E-1
2.787500000E0,1.674125464E-1,-3.017949870E-1
2.791666667E0,1.676231884E-1,-3.018286767E-1
2.795833333E0,1.675823742E-1,-3.015009803E-1
2.800000000E0,1.676897252E-1,-3.015288996E-1
2.804166667E0,1.678441158E-1,-3.015042972E-1
2.808333333E0,1.680679885E-1,-3.013168911E-1
2.812500000E0,1.681531987E-1,-3.014938481E-1
2.816666667E0,1.684391806E-1,-3.012828185E-1
2.820833333E0,1.684511423E-1,-3.009840267E-1
2.825000000E0,1.685021636E-1,-3.014920412E-1
2.829166667E0,1.688186165E-1,-3.011863179E-1
2.833333333E0,1.688530799E-1,-3.005665129E-1
2.837500000E0,1.688116420E-1,-3.009540893E-1
2.841666667E0,1.691238633E-1,-3.010388268E-1
2.845833333E0,1.692873211E-1,-3.002650154E-1
2.850000000E0,1.693536245E-1,-3.003162467E-1
2.854166667E0,1.694771776E-1,-3.008116265E-1
2.858333333E0,1.695987896E-1,-3.002941214E-1
2.862500000E0,1.695347144E-1,-3.002059902E-1
2.866666667E0,1.697701987E-1,-3.004363957E-1
2.870833333E0,1.699180666E-1,-3.002161780E-1
2.875000000E0,1.701361726E-1,-3.000298905E-1
2.879166667E0,1.701306368E-1,-3.002190156E-1
2.883333333E0,1.701758494E-1,-3.000230204E-1
2.887500000E0,1.702813026E-1,-2.998545403E-1
2.891666667E0,1.703546383E-1,-2.999703055E-1
2.895833333E0,1.704627372E-1,-2.998502341E-1
2.900000000E0,1.705198105E-1,-2.997515669E-1
2.904166667E0,1.705582556E-1,-2.997221410E-1
2.908333333E0,1.706262620E-1,-2.998676765E-1
2.912500000E0,1.706129279E-1,-2.998676523E-1
2.916666667E0,1.706154884E-1,-2.998461179E-1
2.920833333E0,1.706376776E-1,-2.995952687E-1
2.925000000E0,1.705829879E-1,-2.999010279E-1
2.929166667E0,1.707291738E-1,-2.998983676E-1
2.933333333E0,1.708454945E-1,-2.993215083E-1
2.937500000E0,1.706793663E-1,-2.995895366E-1
2.941666667E0,1.706091996E-1,-2.999560204E-1
2.945833333E0,1.707969198E-1,-2.992897648E-1
2.950000000E0,1.707828192E-1,-2.992149355E-1
2.954166667E0,1.706238699E-1,-3.000099862E-1
2.958333333E0,1.707578293E-1,-2.995333164E-1
2.962500000E0,1.707828449E-1,-2.990304449E-1
2.966666667E0,1.705970297E-1,-2.999744275E-1
2.970833333E0,1.705604496E-1,-2.999413073E-1
2.975000000E0,1.707575014E-1,-2.989318375E-1
2.979166667E0,1.705290415E-1,-2.998279498E-1
2.983333333E0,1.704518359E-1,-3.001902857E-1
2.987500000E0,1.706048897E-1,-2.990702085E-1
2.991666667E0,1.704873182E-1,-2.996204577E-1
2.995833333E0,1.701678709E-1,-3.004560022E-1
3.000000000E0,1.702891456E-1,-2.995119008E-1
3.004166667E0,1.701927849E-1,-2.994599028E-1
3.008333333E0,1.699174310E-1,-3.006892597E-1
3.012500000E0,1.698974020E-1,-2.998988965E-1
3.016666667E0,1.698914370E-1,-2.994813103E-1
3.020833333E0,1.696271006E-1,-3.008348095E-1
3.025000000E0,1.694688275E-1,-3.005874645E-1
3.029166667E0,1.695762203E-1,-2.994714359E-1
3.033333333E0,1.694195291E-1,-3.006219358E-1
3.037500000E0,1.691799011E-1,-3.009806449E-1
3.041666667E0,1.692052820E-1,-2.998042816E-1
3.045833333E0,1.691438140E-1,-3.004255433E-1
3.050000000E0,1.687471388E-1,-3.014950313E-1
3.054166667E0,1.688612939E-1,-3.003626963E-1
3.058333333E0,1.688431872E-1,-3.002789224E-1
3.062500000E0,1.685279113E-1,-3.016062063E-1
3.066666667E0,1.683812276E-1,-3.008476453E-1
3.070833333E0,1.684419681E-1,-3.003041452E-1
3.075000000E0,1.682492111E-1,-3.016560735E-1
3.079166667E0,1.681062111E-1,-3.014189031E-1
3.083333333E0,1.680857743E-1,-3.004801791E-1
3.087500000E0,1.678399638E-1,-3.015623201E-1
3.091666667E0,1.677034023E-1,-3.019109332E-1
3.095833333E0,1.677024837E-1,-3.008026598E-1
3.100000000E0,1.677436381E-1,-3.012283803E-1
3.104166667E0,1.674549736E-1,-3.023086448E-1
3.108333333E0,1.672248673E-1,-3.012740549E-1
3.112500000E0,1.672748529E-1,-3.012989291E-1
3.116666667E0,1.671063907E-1,-3.024988553E-1
3.120833333E0,1.671256398E-1,-3.016502084E-1
3.125000000E0,1.671003207E-1,-3.012734331E-1
3.129166667E0,1.670494198E-1,-3.024702895E-1
3.133333333E0,1.668033852E-1,-3.023050973E-1
3.137500000E0,1.667241455E-1,-3.014954484E-1
3.141666667E0,1.667420819E-1,-3.022764827E-1
3.145833333E0,1.666757013E-1,-3.022664871E-1
3.150000000E0,1.665476811E-1,-3.016945020E-1
3.154166667E0,1.665232798E-1,-3.021045732E-1
3.158333333E0,1.664605896E-1,-3.023906612E-1
3.162500000E0,1.663967832E-1,-3.019849538E-1
3.166666667E0,1.664182940E-1,-3.020372676E-1
3.170833333E0,1.663974555E-1,-3.022369852E-1
3.175000000E0,1.663233705E-1,-3.021598071E-1
3.179166667E0,1.663244886E-1,-3.022060471E-1
3.183333333E0,1.664143672E-1,-3.022882390E-1
3.187500000E0,1.663245373E-1,-3.022344738E-1
3.191666667E0,1.663337296E-1,-3.024078177E-1
3.195833333E0,1.664032330E-1,-3.023407766E-1
3.200000000E0,1.664552820E-1,-3.020029704E-1
3.204166667E0,1.664289889E-1,-3.022378783E-1
3.208333333E0,1.664259017E-1,-3.023879704E-1
3.212500000E0,1.665037051E-1,-3.019224991E-1
3.216666667E0,1.664443944E-1,-3.019354987E-1
3.220833333E0,1.664771097E-1,-3.023251492E-1
3.225000000E0,1.665012430E-1,-3.020760260E-1
3.229166667E0,1.665226265E-1,-3.018613469E-1
3.233333333E0,1.664776868E-1,-3.021593417E-1
3.237500000E0,1.665147771E-1,-3.020358960E-1
3.241666667E0,1.666028706E-1,-3.018965733E-1
3.245833333E0,1.667125368E-1,-3.019240406E-1
3.250000000E0,1.667089292E-1,-3.019028008E-1
3.254166667E0,1.668643457E-1,-3.016159174E-1
3.258333333E0,1.668310440E-1,-3.018482861E-1
3.262500000E0,1.668535799E-1,-3.018957225E-1
3.266666667E0,1.670509037E-1,-3.017153437E-1
3.270833333E0,1.671429809E-1,-3.015621008E-1
3.275000000E0,1.671393951E-1,-3.015975600E-1
3.279166667E0,1.671924797E-1,-3.016054329E-1
3.283333333E0,1.675117591E-1,-3.013826186E-1
3.287500000E0,1.674882474E-1,-3.012952851E-1
3.291666667E0,1.674693775E-1,-3.014433166E-1
3.295833333E0,1.675085348E-1,-3.014480406E-1
3.300000000E0,1.677812794E-1,-3.009204982E-1
3.304166667E0,1.677660699E-1,-3.010774245E-1
3.308333333E0,1.677898927E-1,-3.013223035E-1
3.312500000E0,1.681091093E-1,-3.007726726E-1
3.316666667E0,1.681068460E-1,-3.006440912E-1
3.320833333E0,1.681425459E-1,-3.012711938E-1
3.325000000E0,1.684010209E-1,-3.008837817E-1
3.329166667E0,1.684887446E-1,-3.002479633E-1
3.333333333E0,1.684640797E-1,-3.010031060E-1
3.337500000E0,1.685236713E-1,-3.009337155E-1
3.341666667E0,1.688473833E-1,-2.999494481E-1
3.345833333E0,1.687966645E-1,-3.004247297E-1
3.350000000E0,1.687635604E-1,-3.008965175E-1
3.354166667E0,1.691445947E-1,-2.999068255E-1
3.358333333E0,1.691404120E-1,-3.000918658E-1
3.362500000E0,1.691147443E-1,-3.008724983E-1
3.366666667E0,1.692572664E-1,-2.999681882E-1
3.370833333E0,1.692789827E-1,-2.998873863E-1
3.375000000E0,1.691557457E-1,-3.008277938E-1
3.379166667E0,1.693057489E-1,-3.002181520E-1
3.383333333E0,1.695215489E-1,-2.995233734E-1
3.387500000E0,1.694469621E-1,-3.005027303E-1
3.391666667E0,1.694931390E-1,-3.003476889E-1
3.395833333E0,1.697459762E-1,-2.992889697E-1
3.400000000E0,1.696579456E-1,-3.002001813E-1
3.404166667E0,1.695277578E-1,-3.003266223E-1
3.408333333E0,1.697230450E-1,-2.991956828E-1
3.412500000E0,1.697916223E-1,-2.996016489E-1
3.416666667E0,1.697356486E-1,-3.004864154E-1
3.420833333E0,1.698028530E-1,-2.995864823E-1
3.425000000E0,1.698695372E-1,-2.995045008E-1
3.429166667E0,1.698339361E-1,-3.005246833E-1
3.433333333E0,1.698378577E-1,-2.998206728E-1
3.437500000E0,1.698607753E-1,-2.992656510E-1
3.441666667E0,1.698372757E-1,-3.003180527E-1
3.445833333E0,1.697606259E-1,-3.002257066E-1
3.450000000E0,1.698428318E-1,-2.992548023E-1
3.454166667E0,1.697788726E-1,-3.001118604E-1
3.458333333E0,1.697622928E-1,-3.003258669E-1
3.462500000E0,1.697730460E-1,-2.994060060E-1
3.466666667E0,1.698271617E-1,-2.998654386E-1
3.470833333E0,1.698279042E-1,-3.005392650E-1
3.475000000E0,1.697876669E-1,-2.996683859E-1
3.479166667E0,1.697964262E-1,-2.996462473E-1
3.483333333E0,1.696631812E-1,-3.005692245E-1
3.487500000E0,1.694700821E-1,-3.000639928E-1
3.491666667E0,1.694482245E-1,-2.998288400E-1
3.495833333E0,1.694749659E-1,-3.003978267E-1
3.500000000E0,1.693946050E-1,-3.003122350E-1
3.504166667E0,1.693289796E-1,-2.998465931E-1
3.508333333E0,1.694372714E-1,-3.002953431E-1
3.512500000E0,1.693662510E-1,-3.004875424E-1
3.516666667E0,1.690797718E-1,-3.001405861E-1
3.520833333E0,1.691941622E-1,-3.003916113E-1
3.525000000E0,1.690722670E-1,-3.006191404E-1
3.529166667E0,1.689684186E-1,-3.004730780E-1
3.533333333E0,1.688299399E-1,-3.005322820E-1
3.537500000E0,1.688376583E-1,-3.005933299E-1
3.541666667E0,1.687871245E-1,-3.006087854E-1
3.545833333E0,1.686602070E-1,-3.005872851E-1
3.550000000E0,1.687369551E-1,-3.005672313E-1
3.554166667E0,1.684795279E-1,-3.006579780E-1
3.558333333E0,1.682928054E-1,-3.009900577E-1
3.562500000E0,1.681983386E-1,-3.008823845E-1
3.566666667E0,1.681619421E-1,-3.008431207E-1
3.570833333E0,1.680267403E-1,-3.010319052E-1
3.575000000E0,1.680828797E-1,-3.010083778E-1
3.579166667E0,1.680654026E-1,-3.008489596E-1
3.583333333E0,1.678422937E-1,-3.010074260E-1
3.587500000E0,1.677504817E-1,-3.012975269E-1
3.591666667E0,1.677852244E-1,-3.010779311E-1
3.595833333E0,1.677656233E-1,-3.010147197E-1
3.600000000E0,1.675359100E-1,-3.012893620E-1
3.604166667E0,1.675013193E-1,-3.012829721E-1
3.608333333E0,1.674435089E-1,-3.012420621E-1
3.612500000E0,1.673952907E-1,-3.012704335E-1
3.616666667E0,1.674078340E-1,-3.012823323E-1
3.620833333E0,1.673931103E-1,-3.012928105E-1
3.625000000E0,1.672038996E-1,-3.014932012E-1
3.629166667E0,1.671345863E-1,-3.015290147E-1
3.633333333E0,1.671010894E-1,-3.015154585E-1
3.637500000E0,1.670745091E-1,-3.015709389E-1
3.641666667E0,1.670270299E-1,-3.015790437E-1
3.645833333E0,1.670464660E-1,-3.016041220E-1
3.650000000E0,1.670453582E-1,-3.016171853E-1
3.654166667E0,1.670615989E-1,-3.015762429E-1
3.658333333E0,1.670354382E-1,-3.016680421E-1
3.662500000E0,1.670595747E-1,-3.016974972E-1
3.666666667E0,1.670246218E-1,-3.013877158E-1
3.670833333E0,1.669796183E-1,-3.015906116E-1
3.675000000E0,1.669637898E-1,-3.018829067E-1
3.679166667E0,1.670718898E-1,-3.014904204E-1
3.683333333E0,1.671115670E-1,-3.013782217E-1
3.687500000E0,1.670920805E-1,-3.019059557E-1
3.691666667E0,1.670924848E-1,-3.016889829E-1
3.695833333E0,1.671173942E-1,-3.011057149E-1
3.700000000E0,1.670825653E-1,-3.017680674E-1
3.704166667E0,1.671243758E-1,-3.018467421E-1
3.708333333E0,1.672071510E-1,-3.012630444E-1
3.712500000E0,1.671351350E-1,-3.016153739E-1
3.716666667E0,1.671117476E-1,-3.019652731E-1
3.720833333E0,1.674232291E-1,-3.012234884E-1
3.725000000E0,1.674367300E-1,-3.012342721E-1
3.729166667E0,1.671643424E-1,-3.018618799E-1
3.733333333E0,1.674484933E-1,-3.013240706E-1
3.737500000E0,1.675470919E-1,-3.010235515E-1
3.741666667E0,1.673183478E-1,-3.017647520E-1
3.745833333E0,1.675187448E-1,-3.015323791E-1
3.750000000E0,1.677193962E-1,-3.008690814E-1
3.754166667E0,1.676078804E-1,-3.015744140E-1
3.758333333E0,1.676509009E-1,-3.015385443E-1
3.762500000E0,1.679903003E-1,-3.008377992E-1
3.766666667E0,1.680517432E-1,-3.012057729E-1
3.770833333E0,1.679401251E-1,-3.016014874E-1
3.775000000E0,1.680996071E-1,-3.008338314E-1
3.779166667E0,1.681400933E-1,-3.008766794E-1
3.783333333E0,1.681261933E-1,-3.016187138E-1
3.787500000E0,1.682369819E-1,-3.009676102E-1
3.791666667E0,1.683903839E-1,-3.005014282E-1
3.795833333E0,1.684251569E-1,-3.012642283E-1
3.800000000E0,1.684675627E-1,-3.009255013E-1
3.804166667E0,1.686883339E-1,-3.002384362E-1
3.808333333E0,1.687888705E-1,-3.009809792E-1
3.812500000E0,1.687884414E-1,-3.009737524E-1
3.816666667E0,1.688462742E-1,-3.002125731E-1
3.820833333E0,1.689946501E-1,-3.005406494E-1
3.825000000E0,1.690708232E-1,-3.009859179E-1
3.829166667E0,1.691390247E-1,-3.000649689E-1
3.833333333E0,1.691730837E-1,-3.001883181E-1
3.837500000E0,1.691667759E-1,-3.009237037E-1
3.841666667E0,1.692517981E-1,-3.002983835E-1
3.845833333E0,1.693924009E-1,-2.999601222E-1
3.850000000E0,1.694550663E-1,-3.005813435E-1
3.854166667E0,1.694746201E-1,-3.002820430E-1
3.858333333E0,1.695908160E-1,-2.997543034E-1
3.862500000E0,1.695597518E-1,-3.004771371E-1
3.866666667E0,1.696410699E-1,-3.003757696E-1
3.870833333E0,1.697279813E-1,-2.998214486E-1
3.875000000E0,1.697856731E-1,-2.999789983E-1
3.879166667E0,1.697231319E-1,-3.002812442E-1
3.883333333E0,1.697679881E-1,-2.999269997E-1
3.887500000E0,1.698179834E-1,-2.998586385E-1
3.891666667E0,1.698439965E-1,-3.001216828E-1
3.895833333E0,1.698471805E-1,-2.998973690E-1
3.900000000E0,1.698536762E-1,-2.998259064E-1
3.904166667E0,1.698649256E-1,-2.999255820E-1
3.908333333E0,1.699237251E-1,-3.000017567E-1
3.912500000E0,1.700003859E-1,-2.998572872E-1
3.916666667E0,1.701313232E-1,-2.997786287E-1
3.920833333E0,1.701866114E-1,-2.998638225E-1
3.925000000E0,1.702389247E-1,-2.998830470E-1
3.929166667E0,1.702556457E-1,-2.998681914E-1
3.933333333E0,1.702195323E-1,-2.998710558E-1
3.937500000E0,1.702353392E-1,-2.999363626E-1
3.941666667E0,1.703168175E-1,-2.999587825E-1
3.945833333E0,1.704529634E-1,-2.998040320E-1
3.950000000E0,1.702086272E-1,-2.998504003E-1
3.954166667E0,1.702243635E-1,-3.000005233E-1
3.958333333E0,1.701706889E-1,-2.999373647E-1
3.962500000E0,1.700249935E-1,-2.998873058E-1
3.966666667E0,1.698047318E-1,-3.002473068E-1
3.970833333E0,1.697727583E-1,-3.002616764E-1
3.975000000E0,1.697152438E-1,-3.002505931E-1
3.979166667E0,1.694208955E-1,-3.002354887E-1
3.983333333E0,1.691692321E-1,-3.004139315E-1
3.987500000E0,1.691046808E-1,-3.005307987E-1
3.991666667E0,1.688423494E-1,-3.005813268E-1
3.995833333E0,1.686052801E-1,-3.007319581E-1
4.000000000E0,1.684919992E-1,-3.006590952E-1
4.004166667E0,1.683985481E-1,-3.005894643E-1
4.008333333E0,1.683230434E-1,-3.006304714E-1
